0.000000000000000000e+00 0.000000000000000000e+00
1.000000000000000021e-02 0.000000000000000000e+00
2.000000000000000042e-02 0.000000000000000000e+00
2.999999999999999889e-02 0.000000000000000000e+00
4.000000000000000083e-02 0.000000000000000000e+00
5.000000000000000278e-02 0.000000000000000000e+00
6.000000000000000472e-02 0.000000000000000000e+00
7.000000000000000666e-02 0.000000000000000000e+00
8.000000000000000167e-02 0.000000000000000000e+00
8.999999999999999667e-02 0.000000000000000000e+00
9.999999999999999167e-02 0.000000000000000000e+00
1.099999999999999867e-01 0.000000000000000000e+00
1.199999999999999817e-01 0.000000000000000000e+00
1.299999999999999767e-01 0.000000000000000000e+00
1.399999999999999856e-01 0.000000000000000000e+00
1.499999999999999944e-01 0.000000000000000000e+00
1.600000000000000033e-01 0.000000000000000000e+00
1.700000000000000122e-01 0.000000000000000000e+00
1.800000000000000211e-01 0.000000000000000000e+00
1.900000000000000300e-01 0.000000000000000000e+00
2.000000000000000389e-01 0.000000000000000000e+00
2.100000000000000477e-01 0.000000000000000000e+00
2.200000000000000566e-01 0.000000000000000000e+00
2.300000000000000655e-01 0.000000000000000000e+00
2.400000000000000744e-01 0.000000000000000000e+00
2.500000000000000555e-01 0.000000000000000000e+00
2.600000000000000644e-01 0.000000000000000000e+00
2.700000000000000733e-01 0.000000000000000000e+00
2.800000000000000822e-01 0.000000000000000000e+00
2.900000000000000910e-01 0.000000000000000000e+00
3.000000000000000999e-01 0.000000000000000000e+00
3.100000000000001088e-01 0.000000000000000000e+00
3.200000000000001177e-01 0.000000000000000000e+00
3.300000000000001266e-01 0.000000000000000000e+00
3.400000000000001354e-01 0.000000000000000000e+00
3.500000000000001443e-01 0.000000000000000000e+00
3.600000000000001532e-01 0.000000000000000000e+00
3.700000000000001621e-01 0.000000000000000000e+00
3.800000000000001710e-01 0.000000000000000000e+00
3.900000000000001799e-01 0.000000000000000000e+00
4.000000000000001887e-01 0.000000000000000000e+00
4.100000000000001976e-01 0.000000000000000000e+00
4.200000000000002065e-01 0.000000000000000000e+00
4.300000000000002154e-01 0.000000000000000000e+00
4.400000000000002243e-01 0.000000000000000000e+00
4.500000000000002331e-01 0.000000000000000000e+00
4.600000000000002420e-01 0.000000000000000000e+00
4.700000000000002509e-01 0.000000000000000000e+00
4.800000000000002598e-01 0.000000000000000000e+00
4.900000000000002687e-01 0.000000000000000000e+00
5.000000000000002220e-01 0.000000000000000000e+00
5.100000000000002309e-01 0.000000000000000000e+00
5.200000000000002398e-01 0.000000000000000000e+00
5.300000000000002487e-01 0.000000000000000000e+00
5.400000000000002576e-01 0.000000000000000000e+00
5.500000000000002665e-01 0.000000000000000000e+00
5.600000000000002753e-01 0.000000000000000000e+00
5.699982423110923069e-01 -1.406085212802799206e-04
5.799776778177577752e-01 -7.651366399478284810e-04
5.899134282320773748e-01 -1.887648157504468903e-03
5.997806593524542818e-01 -3.505337379749006409e-03
6.095547082398421468e-01 -5.614160926102091699e-03
6.192111448622487080e-01 -8.208847835951913613e-03
6.287258331570928505e-01 -1.128291274331066733e-02
6.380749913587915323e-01 -1.482867208685201277e-02
6.472352514407879731e-01 -1.883726331481287014e-02
6.561837175234481734e-01 -2.329866703675727985e-02
6.648980231018367659e-01 -2.820173206683452768e-02
6.733563869503302879e-01 -3.353420329593634341e-02
6.815376675643382010e-01 -3.928275232308729020e-02
6.894214160030541771e-01 -4.543301076950594097e-02
6.969879270011581918e-01 -5.196960619206895948e-02
7.042182882217177253e-01 -5.887620050641299146e-02
7.110944275271806614e-01 -6.613553082363698987e-02
7.175991581503076144e-01 -7.372945259853401490e-02
7.237162216521388913e-01 -8.163898498150486127e-02
7.294303285596249742e-01 -8.984435826079691101e-02
7.347271965813465533e-01 -9.832506327648773969e-02
7.395935863058048509e-01 -1.070599026827039196e-01
7.440173342930553879e-01 -1.160270439299463940e-01
7.479873834769736884e-01 -1.252040738350937987e-01
7.514938108021614882e-01 -1.345680546026881419e-01
7.545278520264178113e-01 -1.440955811574773648e-01
7.570819236267801733e-01 -1.537628396449143842e-01
7.591496417543823760e-01 -1.635456669533914831e-01
7.607258381907524569e-01 -1.734196111094355175e-01
7.618065732656663647e-01 -1.833599923949069121e-01
7.623891457042730746e-01 -1.933419650334426421e-01
7.624720993788737244e-01 -2.033405792919572574e-01
7.620552269484833774e-01 -2.133308438419820319e-01
7.611395703770749144e-01 -2.232877882249710288e-01
7.597274183292122007e-01 -2.331865252654433118e-01
7.578223004495804327e-01 -2.430023132759601967e-01
7.554289785407123370e-01 -2.527106178984590557e-01
7.525534346609621394e-01 -2.622871734273709010e-01
7.492028561724750624e-01 -2.717080434612471063e-01
7.453856177765245672e-01 -2.809496807312973354e-01
7.411112605811212006e-01 -2.899889859572981621e-01
7.363904682532115276e-01 -2.988033655837635250e-01
7.312350403150740252e-01 -3.073707882520677614e-01
7.256578626516589914e-01 -3.156698398673672967e-01
7.197076816549327072e-01 -3.237063883653681362e-01
7.136895314234122933e-01 -3.316927434658410445e-01
7.076713811918917685e-01 -3.396790985663140083e-01
7.016532309603712436e-01 -3.476654536667869166e-01
6.956350807288508298e-01 -3.556518087672598805e-01
6.896169304973303049e-01 -3.636381638677327888e-01
6.835987802658097801e-01 -3.716245189682057526e-01
6.775806300342893662e-01 -3.796108740686786609e-01
6.715624798027688414e-01 -3.875972291691516247e-01
6.655443295712483165e-01 -3.955835842696245330e-01
6.595261793397279027e-01 -4.035699393700974413e-01
6.535080291082073778e-01 -4.115562944705704052e-01
6.474898788766868529e-01 -4.195426495710433690e-01
6.414717286451664391e-01 -4.275290046715162773e-01
6.354535784136459142e-01 -4.355153597719891856e-01
6.294354281821253894e-01 -4.435017148724621494e-01
6.234172779506048645e-01 -4.514880699729351132e-01
6.173991277190844507e-01 -4.594744250734080215e-01
6.113809774875639258e-01 -4.674607801738809298e-01
6.053628272560434009e-01 -4.754471352743538937e-01
5.993446770245229871e-01 -4.834334903748268020e-01
5.933265267930024622e-01 -4.914198454752997103e-01
5.873083765614819374e-01 -4.994062005757726741e-01
5.812902263299615235e-01 -5.073925556762456379e-01
5.752720760984409987e-01 -5.153789107767186017e-01
5.692539258669204738e-01 -5.233652658771914545e-01
5.632357756354000600e-01 -5.313516209776644184e-01
5.572176254038795351e-01 -5.393379760781373822e-01
5.511994751723590102e-01 -5.473243311786102350e-01
5.451813249408385964e-01 -5.553106862790831988e-01
5.391631747093180715e-01 -5.632970413795561626e-01
5.331450244777975467e-01 -5.712833964800290154e-01
5.271268742462771328e-01 -5.792697515805020902e-01
5.211087240147566080e-01 -5.872561066809749430e-01
5.150905737832360831e-01 -5.952424617814479069e-01
5.090724235517156693e-01 -6.032288168819208707e-01
5.030542733201951444e-01 -6.112151719823937235e-01
4.970361230886746196e-01 -6.192015270828666873e-01
4.910179728571542057e-01 -6.271878821833396511e-01
4.849998226256336809e-01 -6.351742372838125039e-01
4.789816723941131560e-01 -6.431605923842855788e-01
4.729635221625926866e-01 -6.511469474847584316e-01
4.669453719310722173e-01 -6.591333025852312844e-01
4.609272216995516924e-01 -6.671196576857043592e-01
4.549090714680312231e-01 -6.751060127861772120e-01
4.488909212365107537e-01 -6.830923678866501758e-01
4.428727710049902289e-01 -6.910787229871231396e-01
4.368546207734697595e-01 -6.990650780875959924e-01
4.308364705419492902e-01 -7.070514331880689562e-01
4.248183203104287653e-01 -7.150377882885419201e-01
4.188001700789082959e-01 -7.230241433890147729e-01
4.127820198473878266e-01 -7.310104984894878477e-01
4.067638696158673017e-01 -7.389968535899607005e-01
4.007457193843468324e-01 -7.469832086904336643e-01
3.947275691528263630e-01 -7.549695637909066281e-01
3.887094189213058382e-01 -7.629559188913794809e-01
3.826912686897853688e-01 -7.709422739918524448e-01
3.766731184582648440e-01 -7.789286290923254086e-01
3.706549682267443746e-01 -7.869149841927982614e-01
3.646368179952239053e-01 -7.949013392932712252e-01
3.586186677637033804e-01 -8.028876943937441890e-01
3.526005175321829110e-01 -8.108740494942170418e-01
3.465823673006624417e-01 -8.188604045946901167e-01
3.405642170691419168e-01 -8.268467596951629695e-01
3.345460668376214475e-01 -8.348331147956359333e-01
3.285279166061009781e-01 -8.428194698961088971e-01
3.225097663745804533e-01 -8.508058249965817499e-01
3.164916161430599839e-01 -8.587921800970547137e-01
3.104734659115395146e-01 -8.667785351975276775e-01
3.044553156800189897e-01 -8.747648902980006413e-01
2.984371654484985203e-01 -8.827512453984734941e-01
2.924190152169780510e-01 -8.907376004989464580e-01
2.864008649854575261e-01 -8.987239555994194218e-01
2.803827147539370568e-01 -9.067103106998922746e-01
2.743645645224165319e-01 -9.146966658003652384e-01
2.683464142908960626e-01 -9.226830209008382022e-01
2.623282640593755932e-01 -9.306693760013111660e-01
2.563101138278550684e-01 -9.386557311017840188e-01
2.502919635963345990e-01 -9.466420862022569827e-01
2.442738133648141297e-01 -9.546284413027299465e-01
2.382556631332936048e-01 -9.626147964032029103e-01
2.322375129017731354e-01 -9.706011515036757631e-01
2.262193626702526661e-01 -9.785875066041487269e-01
2.202012124387321412e-01 -9.865738617046216907e-01
2.141830622072116164e-01 -9.945602168050946545e-01
2.081649119756912025e-01 -1.002546571905567507e+00
2.021467617441706777e-01 -1.010532927006040360e+00
1.961286115126501528e-01 -1.018519282106513435e+00
1.901104612811297390e-01 -1.026505637206986288e+00
1.840923110496092141e-01 -1.034491992307459363e+00
1.780741608180886892e-01 -1.042478347407932215e+00
1.720560105865682754e-01 -1.050464702508405068e+00
1.660378603550477505e-01 -1.058451057608877921e+00
1.600197101235272257e-01 -1.066437412709350996e+00
1.540015598920068118e-01 -1.074423767809824071e+00
1.479834096604862870e-01 -1.082410122910296923e+00
1.419652594289657621e-01 -1.090396478010769776e+00
1.359471091974453483e-01 -1.098382833111242629e+00
1.299289589659248234e-01 -1.106369188211715704e+00
1.239108087344044096e-01 -1.114355543312188335e+00
1.178926585028841068e-01 -1.122341898412661187e+00
1.118745082713638039e-01 -1.130328253513134040e+00
1.058563580398433901e-01 -1.138314608613606671e+00
9.983820780832308728e-02 -1.146300963714079524e+00
9.382005757680267344e-02 -1.154287318814552155e+00
8.780190734528237062e-02 -1.162273673915025007e+00
8.178375711376195678e-02 -1.170260029015497860e+00
7.576560688224165396e-02 -1.178246384115970491e+00
6.974745665072124012e-02 -1.186232739216443122e+00
6.372930641920093731e-02 -1.194219094316915974e+00
5.771115618768052347e-02 -1.202205449417388827e+00
5.169300595616022065e-02 -1.210191804517861680e+00
4.567485572463980681e-02 -1.218178159618334311e+00
3.965670549311950399e-02 -1.226164514718806942e+00
3.363855526159909015e-02 -1.234150869819279794e+00
2.762040503007878733e-02 -1.242137224919752647e+00
2.160225479855837349e-02 -1.250123580020225278e+00
1.558410456703807068e-02 -1.258109935120697909e+00
9.565954335517656837e-03 -1.266096290221170761e+00
3.547804103997354019e-03 -1.274082645321643614e+00
-2.470346127522948798e-03 -1.282069000422116467e+00
-8.488496359043362638e-03 -1.290055355522589098e+00
-1.450664659056366546e-02 -1.298041710623061729e+00
-2.052479682208407930e-02 -1.306028065723534581e+00
-2.654294705360438211e-02 -1.314014420824007434e+00
-3.256109728512479595e-02 -1.322000775924480287e+00
-3.857924751664509877e-02 -1.329987131024952696e+00
-4.459739774816551261e-02 -1.337973486125425548e+00
-5.061554797968581543e-02 -1.345959841225898401e+00
-5.663369821120622927e-02 -1.353946196326371254e+00
-6.265184844272653208e-02 -1.361932551426844107e+00
-6.866999867424694592e-02 -1.369918906527316516e+00
-7.468814890576724874e-02 -1.377905261627789368e+00
-8.070629913728766258e-02 -1.385891616728262221e+00
-8.672444936880796540e-02 -1.393877971828735074e+00
-9.274259960032837924e-02 -1.401864326929207483e+00
-9.876074983184868206e-02 -1.409850682029680335e+00
-1.047789000633690959e-01 -1.417837037130153188e+00
-1.107970502948893987e-01 -1.425823392230626041e+00
-1.168152005264098126e-01 -1.433809747331098894e+00
-1.228333507579301154e-01 -1.441796102431571303e+00
-1.288515009894504182e-01 -1.449782457532044155e+00
-1.348696512209708320e-01 -1.457768812632517008e+00
-1.408878014524911348e-01 -1.465755167732989861e+00
-1.469059516840115487e-01 -1.473741522833462714e+00
-1.529241019155318515e-01 -1.481727877933935122e+00
-1.589422521470522653e-01 -1.489714233034407975e+00
-1.649604023785725682e-01 -1.497700588134880828e+00
-1.709785526100929820e-01 -1.505686943235353681e+00
-1.769967028416132848e-01 -1.513673298335826090e+00
-1.830148530731336987e-01 -1.521659653436298942e+00
-1.890330033046540015e-01 -1.529646008536771795e+00
-1.950511535361744153e-01 -1.537632363637244648e+00
-2.010693037676947181e-01 -1.545618718737717501e+00
-2.070874539992151320e-01 -1.553605073838189909e+00
-2.131056042307354348e-01 -1.561591428938662762e+00
-2.191237544622558486e-01 -1.569577784039135615e+00
-2.251419046937761514e-01 -1.577564139139608468e+00
-2.311600549252965653e-01 -1.585550494240081321e+00
-2.371782051568168681e-01 -1.593536849340553729e+00
-2.431963553883371709e-01 -1.601523204441026582e+00
-2.492145056198575848e-01 -1.609509559541499435e+00
-2.552326558513778876e-01 -1.617495914641972288e+00
-2.612508060828983014e-01 -1.625482269742444696e+00
-2.672689563144186042e-01 -1.633468624842917549e+00
-2.732871065459390181e-01 -1.641454979943390402e+00
-2.793052567774593209e-01 -1.649441335043863255e+00
-2.853234070089797347e-01 -1.657427690144336108e+00
-2.913415572405001486e-01 -1.665414045244808516e+00
-2.973597074720203404e-01 -1.673400400345281369e+00
-3.033778577035407542e-01 -1.681386755445754222e+00
-3.093960079350611680e-01 -1.689373110546227075e+00
-3.154251066708730900e-01 -1.697351160457895469e+00
-3.216504208173704416e-01 -1.705176516990417612e+00
-3.281330736919932378e-01 -1.712790054459348177e+00
-3.348658630140179393e-01 -1.720183314161867427e+00
-3.418413085990681943e-01 -1.727348082125567785e+00
-3.490516606696614232e-01 -1.734276398234245287e+00
-3.564889084652752560e-01 -1.740960565071653088e+00
-3.641447891423684191e-01 -1.747393156473395770e+00
-3.720107969544682036e-01 -1.753567025777458932e+00
-3.800781927021245621e-01 -1.759475313764207849e+00
-3.883380134422327878e-01 -1.765111456277038915e+00
-3.967810824459371832e-01 -1.770469191515211094e+00
-4.053980193940520671e-01 -1.775542566990757631e+00
-4.141792507986739036e-01 -1.780325946141749993e+00
-4.231150206394054258e-01 -1.784814014594563458e+00
-4.321954012023738745e-01 -1.789001786068191047e+00
-4.414103041100035929e-01 -1.792884607914042805e+00
-4.507494915292862836e-01 -1.796458166285075153e+00
-4.602025875460979409e-01 -1.799718490928512438e+00
-4.697590896929244586e-01 -1.802661959596830066e+00
-4.794083806171899331e-01 -1.805285302072099363e+00
-4.891397398772228122e-01 -1.807585603799229279e+00
-4.989423558527545377e-01 -1.809560309124059962e+00
-5.088053377567191005e-01 -1.811207224132715288e+00
-5.187177277350066840e-01 -1.812524519089059094e+00
-5.286685130407302591e-01 -1.813510730467548182e+00
-5.386466382694776733e-01 -1.814164762579220547e+00
-5.486410176419574958e-01 -1.814485888789014290e+00
-5.586405473203902572e-01 -1.814473752323065847e+00
-5.686341177449647510e-01 -1.814128366665089587e+00
-5.786106259766494730e-01 -1.813450115541395125e+00
-5.885589880326497214e-01 -1.812439752494565681e+00
-5.984681512008040993e-01 -1.811098400046265766e+00
-6.083271063192379202e-01 -1.809427548450111001e+00
-6.181249000076333155e-01 -1.807429054035982752e+00
-6.278506468365251392e-01 -1.805105137147630989e+00
-6.374935414211019280e-01 -1.802458379675854205e+00
-6.470428704260782204e-01 -1.799491722189998422e+00
-6.564880244682976818e-01 -1.796208460670958296e+00
-6.658185099038455013e-01 -1.792612242849316306e+00
-6.750239604865732046e-01 -1.788707064152685211e+00
-6.840941488850833530e-01 -1.784497263266752620e+00
-6.930189980453786980e-01 -1.779987517314967738e+00
-7.017885923865527786e-01 -1.775182836662217545e+00
-7.105075691810713856e-01 -1.770286671950088708e+00
-7.193802586687573219e-01 -1.765675151339837434e+00
-7.284017082299826251e-01 -1.761361893997882122e+00
-7.375618949599999086e-01 -1.757351691988646047e+00
-7.468506418159245319e-01 -1.753649000679582626e+00
-7.562576289235137805e-01 -1.750257933791224962e+00
-7.657724050426314433e-01 -1.747182258826809331e+00
-7.753843991786619760e-01 -1.744425392886546744e+00
-7.850829323269726823e-01 -1.741990398871197998e+00
-7.948572293373754594e-01 -1.739879982079164167e+00
-8.046964308854074321e-01 -1.738096487200879059e+00
-8.145896055371304456e-01 -1.736641895713838091e+00
-8.245257618940431410e-01 -1.735517823681161254e+00
-8.344938608046164052e-01 -1.734725519956132445e+00
-8.444828276288803837e-01 -1.734265864794714007e+00
-8.544815645424416184e-01 -1.734139368877575471e+00
-8.644789628662569170e-01 -1.734346172742722514e+00
-8.744639154084673516e-01 -1.734886046629357859e+00
-8.844253288045798023e-01 -1.735758390733147971e+00
-8.943521358422862333e-01 -1.736962235872610449e+00
-9.042333077572277666e-01 -1.738496244565882698e+00
-9.140578664860428137e-01 -1.740358712516674844e+00
-9.238148968630857105e-01 -1.742547570507757992e+00
-9.334935587472655838e-01 -1.745060386699879951e+00
-9.430830990655324486e-01 -1.747894369333560016e+00
-9.525728637596297954e-01 -1.751046369830756788e+00
-9.619523096228413950e-01 -1.754512886292963092e+00
-9.712110160135802861e-01 -1.758290067391845568e+00
-9.803386964328079101e-01 -1.762373716648100608e+00
-9.893252099524186827e-01 -1.766759297093779324e+00
-9.981605724818949366e-01 -1.771441936312894150e+00
-1.006863329716076061e+00 -1.776367307680230212e+00
-1.015671233400388118e+00 -1.781101394051596065e+00
-1.024632017915853455e+00 -1.785539308195770003e+00
-1.033735727757090439e+00 -1.789676119553595068e+00
-1.042972248627503040e+00 -1.793507232093588755e+00
-1.052331318676348104e+00 -1.797028389418173333e+00
-1.061802539899736608e+00 -1.800235679492566465e+00
-1.071375389692900582e+00 -1.803125538991086518e+00
-1.081039232540894401e+00 -1.805694757256034011e+00
-1.090783331834739966e+00 -1.807940479864761363e+00
-1.100596861799885584e+00 -1.809860211800958574e+00
-1.110468919523732945e+00 -1.811451820226636533e+00
-1.120388537068861989e+00 -1.812713536851728868e+00
-1.130344693658498878e+00 -1.813643959898675773e+00
-1.140326327920691662e+00 -1.814242055659810449e+00
-1.150322350177583219e+00 -1.814507159645817769e+00
-1.160321654766135913e+00 -1.814438977323986180e+00
-1.170313132376615606e+00 -1.814037584445436835e+00
-1.180285682395124214e+00 -1.813303426960962694e+00
-1.190228225236474424e+00 -1.812237320525574624e+00
-1.200129714653700663e+00 -1.810840449592300505e+00
-1.209979150010528137e+00 -1.809114366096249871e+00
-1.219765588503173293e+00 -1.807060987730399360e+00
-1.229478157317885900e+00 -1.804682595815021884e+00
-1.239106065710737781e+00 -1.801981832763119407e+00
-1.248638616996225137e+00 -1.798961699144681736e+00
-1.258065220431376474e+00 -1.795625550353027178e+00
-1.267375402982154231e+00 -1.791977092876934519e+00
-1.276558820959082130e+00 -1.788020380182701263e+00
-1.285605271509168812e+00 -1.783759808210712228e+00
-1.294504703951362412e+00 -1.779200110491510056e+00
-1.303247230942939705e+00 -1.774346352886807088e+00
-1.311988657758870191e+00 -1.769490614056832056e+00
-1.320887054845197417e+00 -1.764928896137263559e+00
-1.329932537942104531e+00 -1.760666270581666026e+00
-1.339115057443387879e+00 -1.756707473202131053e+00
-1.348424411494270725e+00 -1.753056902255145433e+00
-1.357850257325746712e+00 -1.749718613555090618e+00
-1.367382122745481876e+00 -1.746696315968200963e+00
-1.377009417772507405e+00 -1.743993367291981844e+00
-1.386721446402774394e+00 -1.741612770524669118e+00
-1.396507418492503483e+00 -1.739557170528874153e+00
-1.406356461746122166e+00 -1.737828851093118354e+00
-1.416257633795476423e+00 -1.736429732394526360e+00
-1.426199934356890742e+00 -1.735361368865492748e+00
-1.436172317452573566e+00 -1.734624947466695932e+00
-1.446163703682790347e+00 -1.734221286368373693e+00
-1.456162992535167788e+00 -1.734150834041329858e+00
-1.466159074717453992e+00 -1.734413668758680194e+00
-1.476140844500034133e+00 -1.735009498508889303e+00
-1.486097212054487304e+00 -1.735937661320198444e+00
-1.496017115774477046e+00 -1.737197125996081892e+00
-1.505889694979243965e+00 -1.738785583508159815e+00
-1.515767630973174240e+00 -1.740340292993397986e+00
-1.525691893786059516e+00 -1.741564935269511283e+00
-1.535651457480196491e+00 -1.742458149748846941e+00
-1.545635256898311161e+00 -1.743018944062763476e+00
-1.555632199957040385e+00 -1.743246695164160309e+00
-1.565631179970328857e+00 -1.743141150019688501e+00
-1.575621087989047764e+00 -1.742702425890872764e+00
-1.585590825143128102e+00 -1.741931010203832564e+00
-1.595529314972498947e+00 -1.740827760007748415e+00
-1.605425515733123198e+00 -1.739393901022672440e+00
-1.615268432664468179e+00 -1.737631026277743906e+00
-1.625047130204774204e+00 -1.735541094341320534e+00
-1.634750744140553103e+00 -1.733126427144992654e+00
-1.644368493676820364e+00 -1.730389707403898303e+00
-1.653889693414646311e+00 -1.727333975636204721e+00
-1.663303765222721609e+00 -1.723962626785067620e+00
-1.672600249989750099e+00 -1.720279406446821424e+00
-1.681768819244605639e+00 -1.716288406709590042e+00
-1.690799286631349929e+00 -1.711994061606944451e+00
-1.699681619226356855e+00 -1.707401142191654841e+00
-1.708405948684973863e+00 -1.702514751235010948e+00
-1.716962582205334265e+00 -1.697340317557600953e+00
-1.725342013297138877e+00 -1.691883589997848603e+00
-1.733534932343446577e+00 -1.686150631025004509e+00
-1.741532236943734269e+00 -1.680147810003694619e+00
-1.749325042026739219e+00 -1.673881796117502097e+00
-1.756904689721846102e+00 -1.667359550959450321e+00
-1.764262758978052625e+00 -1.660588320797616202e+00
-1.771391074919827169e+00 -1.653575628524465602e+00
-1.778281717929462102e+00 -1.646329265298858147e+00
-1.784927032445833950e+00 -1.638857281890005790e+00
-1.791319635469796001e+00 -1.631167979733002538e+00
-1.797452424766750045e+00 -1.623269901705860052e+00
-1.803318586757288511e+00 -1.615171822638301835e+00
-1.808911604087136249e+00 -1.606882739562853102e+00
-1.814225262867985355e+00 -1.598411861719065685e+00
-1.819253659581176352e+00 -1.589768600321974867e+00
-1.823991207636555201e+00 -1.580962558106164373e+00
-1.828432643579223082e+00 -1.572003518657046905e+00
-1.832573032937275137e+00 -1.562901435541221407e+00
-1.836407775704041789e+00 -1.553666421247978713e+00
-1.839932611448732658e+00 -1.544308735954242229e+00
-1.843143624049811136e+00 -1.534838776125426518e+00
-1.846037246045836744e+00 -1.525267062964879905e+00
-1.848610262598945564e+00 -1.515604230724739931e+00
-1.850859815066560055e+00 -1.505861014891191063e+00
-1.852783404177364979e+00 -1.496048240257253026e+00
-1.854378892808019152e+00 -1.486176808896344959e+00
-1.855644508357516376e+00 -1.476257688049992689e+00
-1.856578844716559651e+00 -1.466301897943133703e+00
-1.857180863829760220e+00 -1.456320499540554758e+00
-1.857449896848926585e+00 -1.446324582258070812e+00
-1.857465628815917924e+00 -1.436324635962619611e+00
-1.857465628815917924e+00 -1.426324635962619825e+00
-1.857465628815917924e+00 -1.416324635962620038e+00
-1.857465628815917924e+00 -1.406324635962620251e+00
-1.857465628815917924e+00 -1.396324635962620464e+00
-1.857465628815917924e+00 -1.386324635962620677e+00
-1.857465628815917924e+00 -1.376324635962620890e+00
-1.857465628815917924e+00 -1.366324635962621104e+00
-1.857465628815917924e+00 -1.356324635962621317e+00
-1.857465628815917924e+00 -1.346324635962621530e+00
-1.857465628815917924e+00 -1.336324635962621743e+00
-1.857465628815917924e+00 -1.326324635962621956e+00
-1.857465628815917924e+00 -1.316324635962622169e+00
-1.857465628815917924e+00 -1.306324635962622382e+00
-1.857465628815917924e+00 -1.296324635962622596e+00
-1.857465628815917924e+00 -1.286324635962622809e+00
-1.857465628815917924e+00 -1.276324635962623022e+00
-1.857465628815917924e+00 -1.266324635962623235e+00
-1.857465628815917924e+00 -1.256324635962623448e+00
-1.857465628815917924e+00 -1.246324635962623661e+00
-1.857465628815917924e+00 -1.236324635962623875e+00
-1.857465628815917924e+00 -1.226324635962624088e+00
-1.857465628815917924e+00 -1.216324635962624301e+00
-1.857465628815917924e+00 -1.206324635962624514e+00
-1.857465628815917924e+00 -1.196324635962624727e+00
-1.857465628815917924e+00 -1.186324635962624940e+00
-1.857465628815917924e+00 -1.176324635962625154e+00
-1.857465628815917924e+00 -1.166324635962625367e+00
-1.857465628815917924e+00 -1.156324635962625580e+00
-1.857465628815917924e+00 -1.146324635962625793e+00
-1.857465628815917924e+00 -1.136324635962626006e+00
-1.857465628815917924e+00 -1.126324635962626219e+00
-1.857465628815917924e+00 -1.116324635962626433e+00
-1.857465628815917924e+00 -1.106324635962626646e+00
-1.857465628815917924e+00 -1.096324635962626859e+00
-1.857465628815917924e+00 -1.086324635962627072e+00
-1.857465628815917924e+00 -1.076324635962627285e+00
-1.857465628815917924e+00 -1.066324635962627498e+00
-1.857465628815917924e+00 -1.056324635962627712e+00
-1.857465628815917924e+00 -1.046324635962627925e+00
-1.857465628815917924e+00 -1.036324635962628138e+00
-1.857465628815917924e+00 -1.026324635962628351e+00
-1.857465628815917924e+00 -1.016324635962628564e+00
-1.857465628815917924e+00 -1.006324635962628777e+00
-1.857465628815917924e+00 -9.963246359626289905e-01
-1.857465628815917924e+00 -9.863246359626292037e-01
-1.857465628815917924e+00 -9.763246359626294169e-01
-1.857465628815917924e+00 -9.663246359626296300e-01
-1.857465628815917924e+00 -9.563246359626298432e-01
-1.857465628815917924e+00 -9.463246359626300563e-01
-1.857465628815917924e+00 -9.363246359626302695e-01
-1.857465628815917924e+00 -9.263246359626304827e-01
-1.857465628815917924e+00 -9.163246359626306958e-01
-1.857465628815917924e+00 -9.063246359626309090e-01
-1.857456462147717424e+00 -8.963246652175572704e-01
-1.857110823948287637e+00 -8.863316825478139149e-01
-1.856266176734234552e+00 -8.763684632143610154e-01
-1.854924631683709579e+00 -8.664599100767880202e-01
-1.853089541960676101e+00 -8.566307893576640131e-01
-1.850765494333745043e+00 -8.469056687398797134e-01
-1.847958297711643549e+00 -8.373088559602347436e-01
-1.844674968623966960e+00 -8.278643380527546114e-01
-1.840923713683509488e+00 -8.185957213935982635e-01
-1.836713909074006779e+00 -8.095261726974113392e-01
-1.832056077114558867e+00 -8.006783611126047084e-01
-1.826961859959311818e+00 -7.920744015602889654e-01
-1.821443990498137211e+00 -7.837357994584895904e-01
-1.815516260531037096e+00 -7.756833969698009312e-01
-1.809193486295826991e+00 -7.679373209068347528e-01
-1.802491471435257786e+00 -7.605169324256698671e-01
-1.795426967496138948e+00 -7.534407786330455936e-01
-1.788017632059195838e+00 -7.467265462282538513e-01
-1.780281984604313417e+00 -7.403910172956020830e-01
-1.772239360221481874e+00 -7.344500273579419591e-01
-1.763909861283140090e+00 -7.289184257961101032e-01
-1.755314307198714951e+00 -7.238100387332087049e-01
-1.746474182376939410e+00 -7.191376344764983664e-01
-1.737411582526020126e+00 -7.149128916032798653e-01
-1.728149159425873105e+00 -7.111463697705325826e-01
-1.718710064310472685e+00 -7.078474833212717865e-01
-1.709117890001820905e+00 -7.050244777535937812e-01
-1.699396611940182211e+00 -7.026844091112247614e-01
-1.689570528257966942e+00 -7.008331263470867212e-01
-1.679664199047054662e+00 -6.994752567039603797e-01
-1.669702384971356590e+00 -6.986141941487886697e-01
-1.659709985378049257e+00 -6.982520908895269995e-01
-1.649711976062175012e+00 -6.983898519957436601e-01
-1.639733346840160699e+00 -6.990271331364177332e-01
-1.629799039088291934e+00 -7.001623414405871992e-01
-1.619933883402260744e+00 -7.017926394786965227e-01
-1.610162537533608385e+00 -7.039139523546935617e-01
-1.600509424758188359e+00 -7.065209778911462069e-01
-1.590998672830694849e+00 -7.096071998819264426e-01
-1.581654053677842953e+00 -7.131649043793304443e-01
-1.572498923980931274e+00 -7.171851989749314926e-01
-1.563556166796302271e+00 -7.216580350259693688e-01
-1.554848134359620104e+00 -7.265722327717246687e-01
-1.546396592216920496e+00 -7.319155092770975868e-01
-1.538222664822082475e+00 -7.376745091335492610e-01
-1.530233375133394746e+00 -7.436887460870342803e-01
-1.522247020032921894e+00 -7.497068963185545831e-01
-1.514260664932449041e+00 -7.557250465500749970e-01
-1.506274309831976410e+00 -7.617431967815952998e-01
-1.498287954731503557e+00 -7.677613470131157136e-01
-1.490301599631030927e+00 -7.737794972446360164e-01
-1.482315244530558074e+00 -7.797976474761564303e-01
-1.474328889430085443e+00 -7.858157977076767331e-01
-1.466342534329612590e+00 -7.918339479391971469e-01
-1.458356179229139737e+00 -7.978520981707174498e-01
-1.450369824128667107e+00 -8.038702484022378636e-01
-1.442383469028194254e+00 -8.098883986337581664e-01
-1.434397113927721623e+00 -8.159065488652785803e-01
-1.426410758827248770e+00 -8.219246990967988831e-01
-1.418424403726776140e+00 -8.279428493283192969e-01
-1.410438048626303287e+00 -8.339609995598395997e-01
-1.402451693525830656e+00 -8.399791497913600136e-01
-1.394465338425357803e+00 -8.459973000228803164e-01
-1.386478983324884950e+00 -8.520154502544007302e-01
-1.378492628224412320e+00 -8.580336004859210330e-01
-1.370506273123939467e+00 -8.640517507174414469e-01
-1.362519918023466836e+00 -8.700699009489617497e-01
-1.354533562922993983e+00 -8.760880511804821635e-01
-1.346547207822521353e+00 -8.821062014120024664e-01
-1.338560852722048500e+00 -8.881243516435228802e-01
-1.330574497621575869e+00 -8.941425018750431830e-01
-1.322588142521103016e+00 -9.001606521065635969e-01
-1.314601787420630163e+00 -9.061788023380838997e-01
-1.306615432320157533e+00 -9.121969525696043135e-01
-1.298629077219684680e+00 -9.182151028011246163e-01
-1.290642722119212049e+00 -9.242332530326450302e-01
-1.282656367018739196e+00 -9.302514032641653330e-01
-1.274670011918266344e+00 -9.362695534956857468e-01
-1.266683656817793713e+00 -9.422877037272060496e-01
-1.258697301717321082e+00 -9.483058539587264635e-01
-1.250710946616848229e+00 -9.543240041902467663e-01
-1.242724591516375376e+00 -9.603421544217671801e-01
-1.234738236415902746e+00 -9.663603046532874830e-01
-1.226751881315429893e+00 -9.723784548848078968e-01
-1.218765526214957262e+00 -9.783966051163281996e-01
-1.210779171114484409e+00 -9.844147553478486135e-01
-1.202792816014011557e+00 -9.904329055793689163e-01
-1.194806460913538926e+00 -9.964510558108892191e-01
-1.186820105813066073e+00 -1.002469206042409633e+00
-1.178833750712593442e+00 -1.008487356273930047e+00
-1.170847395612120589e+00 -1.014505506505450239e+00
-1.162861040511647737e+00 -1.020523656736970652e+00
-1.154874685411175106e+00 -1.026541806968491066e+00
-1.146888330310702475e+00 -1.032559957200011480e+00
-1.138901975210229622e+00 -1.038578107431531894e+00
-1.130915620109756770e+00 -1.044596257663052086e+00
-1.122929265009284139e+00 -1.050614407894572500e+00
-1.114942909908811286e+00 -1.056632558126092913e+00
-1.106956554808338655e+00 -1.062650708357613105e+00
-1.098970199707865802e+00 -1.068668858589133519e+00
-1.090983844607392950e+00 -1.074687008820653933e+00
-1.082997489506920319e+00 -1.080705159052174347e+00
-1.075011134406447688e+00 -1.086723309283694761e+00
-1.067024779305974835e+00 -1.092741459515214952e+00
-1.059038424205501983e+00 -1.098759609746735366e+00
-1.051052069105029352e+00 -1.104777759978255780e+00
-1.043065714004556499e+00 -1.110795910209775972e+00
-1.035079358904083868e+00 -1.116814060441296386e+00
-1.027093003803611015e+00 -1.122832210672816800e+00
-1.019106648703138163e+00 -1.128850360904337213e+00
-1.010975688088399993e+00 -1.134668782199701020e+00
-1.002478768280341326e+00 -1.139938063196659801e+00
-9.936496982777780484e-01 -1.144629597203712601e+00
-9.845277038605374509e-01 -1.148722540680151560e+00
-9.751533122126250230e-01 -1.152198709502438412e+00
-9.655681718681088377e-01 -1.155042659752604450e+00
-9.558148676750708450e-01 -1.157241756332466176e+00
-9.459367315997032621e-01 -1.158786229098822007e+00
-9.359776502111102348e-01 -1.159669216270231340e+00
-9.259818697021201528e-01 -1.159886794912527108e+00
-9.159937993123614675e-01 -1.159437998367622624e+00
-9.060578140269563985e-01 -1.158324820548178202e+00
-8.962180574273977962e-01 -1.156552207079049044e+00
-8.865182455705089559e-01 -1.154128033324870239e+00
-8.770014727668059562e-01 -1.151063069401397465e+00
-8.677100201211560559e-01 -1.147370932326052362e+00
-8.586851676863447302e-01 -1.143068025520255659e+00
-8.499670110641140974e-01 -1.138173465932330597e+00
-8.415942832684805142e-01 -1.132708999104751202e+00
-8.336041826427539325e-01 -1.126698902563076032e+00
-8.260322075947900133e-01 -1.120169877955793147e+00
-8.189119988847143317e-01 -1.113150932424272765e+00
-8.122751901657994100e-01 -1.105673249729879348e+00
-8.061274810721058559e-01 -1.097787730138757523e+00
-8.001093308405854421e-01 -1.089801375038284892e+00
-7.940911806090651393e-01 -1.081815019937812039e+00
-7.880730303775447254e-01 -1.073828664837339186e+00
-7.820548801460244226e-01 -1.065842309736866556e+00
-7.760367299145040088e-01 -1.057855954636393703e+00
-7.700185796829837059e-01 -1.049869599535921072e+00
-7.640004294514632921e-01 -1.041883244435448219e+00
-7.579822792199429893e-01 -1.033896889334975588e+00
-7.519641289884225754e-01 -1.025910534234502736e+00
-7.459459787569022726e-01 -1.017924179134030105e+00
-7.399278285253818588e-01 -1.009937824033557252e+00
-7.339096782938615560e-01 -1.001951468933084399e+00
-7.278915280623411421e-01 -9.939651138326117685e-01
-7.218733778308208393e-01 -9.859787587321389157e-01
-7.158552275993004255e-01 -9.779924036316661740e-01
-7.098370773677801226e-01 -9.700060485311934322e-01
-7.038189271362597088e-01 -9.620196934307206904e-01
-6.978007769047394060e-01 -9.540333383302479486e-01
-6.917826266732189922e-01 -9.460469832297752069e-01
-6.857644764416986893e-01 -9.380606281293024651e-01
-6.797463262101782755e-01 -9.300742730288297233e-01
-6.737281759786579727e-01 -9.220879179283569815e-01
-6.677100257471375588e-01 -9.141015628278841287e-01
-6.616918755156171450e-01 -9.061152077274113870e-01
-6.556737252840968422e-01 -8.981288526269386452e-01
-6.496555750525765394e-01 -8.901424975264659034e-01
-6.436374248210561255e-01 -8.821561424259931616e-01
-6.376192745895357117e-01 -8.741697873255204199e-01
-6.316011243580154089e-01 -8.661834322250476781e-01
-6.255829741264951060e-01 -8.581970771245748253e-01
-6.195648238949746922e-01 -8.502107220241021945e-01
-6.135466736634542784e-01 -8.422243669236293417e-01
-6.075285234319339756e-01 -8.342380118231566000e-01
-6.015103732004136727e-01 -8.262516567226838582e-01
-5.954922229688932589e-01 -8.182653016222111164e-01
-5.894740727373728451e-01 -8.102789465217383746e-01
-5.834559225058525422e-01 -8.022925914212655218e-01
-5.774377722743322394e-01 -7.943062363207928911e-01
-5.714196220428118256e-01 -7.863198812203200383e-01
-5.654014718112914117e-01 -7.783335261198474075e-01
-5.593833215797711089e-01 -7.703471710193745547e-01
-5.533651713482508061e-01 -7.623608159189018130e-01
-5.473470211167303923e-01 -7.543744608184290712e-01
-5.413288708852099784e-01 -7.463881057179563294e-01
-5.353107206536896756e-01 -7.384017506174835876e-01
-5.292925704221693728e-01 -7.304153955170107348e-01
-5.232744201906489590e-01 -7.224290404165381041e-01
-5.172562699591285451e-01 -7.144426853160652513e-01
-5.112381197276082423e-01 -7.064563302155925095e-01
-5.052199694960879395e-01 -6.984699751151197678e-01
-4.992018192645675256e-01 -6.904836200146470260e-01
-4.931101461604370240e-01 -6.825538478091613959e-01
-4.866592291763406908e-01 -6.749141594341688810e-01
-4.798345488802192027e-01 -6.676064301522081079e-01
-4.726531634185880404e-01 -6.606489254806919842e-01
-4.651330225151080744e-01 -6.540590355579009030e-01
-4.572929226056243190e-01 -6.478532316766936194e-01
-4.491524598568653603e-01 -6.420470251148525653e-01
-4.407319811862321357e-01 -6.366549283649689528e-01
-4.320525334051005251e-01 -6.316904188607675996e-01
-4.231358106127545149e-01 -6.271659052905422804e-01
-4.140040999724354243e-01 -6.230926965818974761e-01
-4.046802260050411659e-01 -6.194809736353189544e-01
-3.951874935397103328e-01 -6.163397638772238896e-01
-3.855496294638869337e-01 -6.136769186960973066e-01
-3.757907234184579282e-01 -6.114990938181090740e-01
-3.659351675861968189e-01 -6.098117326712647612e-01
-3.560075957240099731e-01 -6.086190527796707661e-01
-3.460328215913734407e-01 -6.079240352219207333e-01
-3.360357769288568330e-01 -6.077284171799502976e-01
-3.260414491417562566e-01 -6.080326875969891409e-01
-3.160748188445940965e-01 -6.088360859554551308e-01
-3.061607974225926121e-01 -6.101366041778539806e-01
-2.963241647661841727e-01 -6.119309916459266807e-01
-2.865895073341907517e-01 -6.142147633255018446e-01
-2.769811567004804020e-01 -6.169822109767457707e-01
-2.675231287377054512e-01 -6.202264174217893000e-01
-2.582390635901269382e-01 -6.239392738340699962e-01
-2.491521665855661316e-01 -6.281115000061752163e-01
-2.402851502341699363e-01 -6.327326675455281491e-01
-2.316601774589641671e-01 -6.377912259399379780e-01
-2.232988062000875740e-01 -6.432745314278649484e-01
-2.152162920926077028e-01 -6.491614394812973421e-01
-2.072299369921349610e-01 -6.551795897128176449e-01
-1.992435818916621915e-01 -6.611977399443380587e-01
-1.912572267911894497e-01 -6.672158901758583616e-01
-1.832708716907166802e-01 -6.732340404073787754e-01
-1.752845165902439384e-01 -6.792521906388990782e-01
-1.672981614897711689e-01 -6.852703408704194921e-01
-1.593118063892984271e-01 -6.912884911019397949e-01
-1.513254512888256575e-01 -6.973066413334602087e-01
-1.433390961883528880e-01 -7.033247915649805115e-01
-1.353527410878801462e-01 -7.093429417965009254e-01
-1.273663859874074045e-01 -7.153610920280212282e-01
-1.193800308869346349e-01 -7.213792422595416420e-01
-1.113936757864618793e-01 -7.273973924910619449e-01
-1.034073206859891236e-01 -7.334155427225823587e-01
-9.542096558551636798e-02 -7.394336929541026615e-01
-8.743461048504361233e-02 -7.454518431856230753e-01
-7.944825538457087055e-02 -7.514699934171433782e-01
-7.146190028409810102e-02 -7.574881436486637920e-01
-6.347554518362535925e-02 -7.635062938801840948e-01
-5.548919008315258972e-02 -7.695244441117045087e-01
-4.750283498267984794e-02 -7.755425943432248115e-01
-3.951647988220707841e-02 -7.815607445747452253e-01
-3.153012478173433664e-02 -7.875788948062655281e-01
-2.354376968126156711e-02 -7.935970450377859420e-01
-1.555741458078882533e-02 -7.996151952693062448e-01
-7.571059480316055801e-03 -8.056333455008266586e-01
4.152956201566859740e-04 -8.116514957323469615e-01
8.401650720629455504e-03 -8.176696459638673753e-01
1.638800582110219728e-02 -8.236877961953876781e-01
2.437436092157496681e-02 -8.297059464269080920e-01
3.236071602204770858e-02 -8.357240966584283948e-01
4.034707112252047811e-02 -8.417422468899488086e-01
4.833342622299321989e-02 -8.477603971214691114e-01
5.631978132346601718e-02 -8.537785473529895253e-01
6.430613642393875895e-02 -8.597966975845098281e-01
7.229249152441150073e-02 -8.658148478160302419e-01
8.027884662488424250e-02 -8.718329980475505447e-01
8.826520172535703979e-02 -8.778511482790709586e-01
9.625155682582978156e-02 -8.838692985105912614e-01
1.042379119263025233e-01 -8.898874487421116752e-01
1.122242670267752651e-01 -8.959055989736319781e-01
1.202106221272480624e-01 -9.019237492051523919e-01
1.281969772277208042e-01 -9.079418994366726947e-01
1.361833323281935459e-01 -9.139600496681929975e-01
1.441696874286662877e-01 -9.199781998997134114e-01
1.521560425291390850e-01 -9.259963501312338252e-01
1.601423976296118268e-01 -9.320145003627541280e-01
1.681287527300845686e-01 -9.380326505942744308e-01
1.761151078305573103e-01 -9.440508008257948447e-01
1.841014629310301076e-01 -9.500689510573152585e-01
1.920878180315028494e-01 -9.560871012888355613e-01
2.000741731319755912e-01 -9.621052515203558642e-01
2.080605282324483329e-01 -9.681234017518762780e-01
2.160468833329211302e-01 -9.741415519833966918e-01
2.240332384333938720e-01 -9.801597022149169947e-01
2.320195935338666138e-01 -9.861778524464372975e-01
2.400059486343393556e-01 -9.921960026779577113e-01
2.479923037348121528e-01 -9.982141529094781252e-01
2.559786588352849224e-01 -1.004232303140998539e+00
2.639650139357576641e-01 -1.010250453372518731e+00
2.719513690362304059e-01 -1.016268603604039145e+00
2.799377241367031477e-01 -1.022286753835559558e+00
2.879240792371758895e-01 -1.028304904067079750e+00
2.959104343376486312e-01 -1.034323054298600164e+00
3.038967894381213730e-01 -1.040341204530120578e+00
3.118831445385941148e-01 -1.046359354761640992e+00
3.198694996390668566e-01 -1.052377504993161406e+00
3.278558547395397094e-01 -1.058395655224681597e+00
3.358422098400124511e-01 -1.064413805456202011e+00
3.438285649404851929e-01 -1.070431955687722425e+00
3.518149200409579347e-01 -1.076450105919242617e+00
3.598012751414306765e-01 -1.082468256150763031e+00
3.677876302419034182e-01 -1.088486406382283445e+00
3.757739853423761600e-01 -1.094504556613803858e+00
3.837603404428489018e-01 -1.100522706845324272e+00
3.917466955433217546e-01 -1.106540857076844464e+00
3.997330506437944964e-01 -1.112559007308364878e+00
4.077194057442672381e-01 -1.118577157539885292e+00
4.157057608447399799e-01 -1.124595307771405484e+00
4.236921159452127217e-01 -1.130613458002925897e+00
4.316784710456854635e-01 -1.136631608234446311e+00
4.396648261461582052e-01 -1.142649758465966725e+00
4.476511812466309470e-01 -1.148667908697487139e+00
4.556375363471037998e-01 -1.154686058929007331e+00
4.635905285283494770e-01 -1.160747771348717317e+00
4.712754085740060717e-01 -1.167144785268239948e+00
4.786309670791989435e-01 -1.173917888506739837e+00
4.856388189783659715e-01 -1.181050151833485273e+00
4.922814482913779877e-01 -1.188523748304570082e+00
4.985422519043669065e-01 -1.196319997820990189e+00
5.044055810688636843e-01 -1.204419413819162843e+00
5.098567805155199695e-01 -1.212801751977187203e+00
5.148822250846489812e-01 -1.221446060815105206e+00
5.194693537820285201e-01 -1.230330734062691445e+00
5.236067011748458677e-01 -1.239433564663874776e+00
5.272839260493078495e-01 -1.248731800282815385e+00
5.304918372582899666e-01 -1.258202200172893193e+00
5.332224166944175003e-01 -1.267821093266471744e+00
5.354688393311584083e-01 -1.277564437340239945e+00
5.372254902818354161e-01 -1.287407879108248832e+00
5.384879788339176354e-01 -1.297326815092443741e+00
5.392531494235164313e-01 -1.307296453118546253e+00
5.395190895226508188e-01 -1.317291874283578190e+00
5.396755031489021137e-01 -1.327290194523585987e+00
5.401646191306458400e-01 -1.337277762127365488e+00
5.409863206783469547e-01 -1.347243480749229727e+00
5.421396948748200550e-01 -1.357176278393729341e+00
5.436234603118356157e-01 -1.367065119640891835e+00
5.454359685137752933e-01 -1.376899017906664469e+00
5.475752057691021246e-01 -1.386667047649098983e+00
5.500387953676104669e-01 -1.396358356506719245e+00
5.528240002409703369e-01 -1.405962177355583265e+00
5.559277260036334933e-01 -1.415467840271648070e+00
5.593465243907207451e-01 -1.424864784385141192e+00
5.630765970890726502e-01 -1.434142569613775953e+00
5.671137999572070099e-01 -1.443290888261767657e+00
5.714536476294939105e-01 -1.452299576471768772e+00
5.760913184994340686e-01 -1.461158625516997933e+00
5.810216600765030215e-01 -1.469858192921017936e+00
5.862391947106110335e-01 -1.478388613392808804e+00
5.917381256778170284e-01 -1.486740409564984544e+00
5.975123436205367344e-01 -1.494904302523226924e+00
6.035554333350894307e-01 -1.502871222115235605e+00
6.098606808990418848e-01 -1.510632317027742255e+00
6.164210811304314808e-01 -1.518178964620392035e+00
6.232293453705810560e-01 -1.525502780505568756e+00
6.302779095818586974e-01 -1.532595627863517551e+00
6.375589427513860263e-01 -1.539449626482419342e+00
6.450643555913577742e-01 -1.546057161513371137e+00
6.527858095263070481e-01 -1.552410891930545045e+00
6.607147259573318276e-01 -1.558503758687129315e+00
6.688422957929883728e-01 -1.564328992557987297e+00
6.771594892362646778e-01 -1.569880121660321981e+00
6.856570658167593368e-01 -1.575150978643991007e+00
6.943255846569201806e-01 -1.580135707543484092e+00
7.031554149609369198e-01 -1.584828770283948307e+00
7.121367467146346719e-01 -1.589224952834034976e+00
7.212596015844803254e-01 -1.593319370998731666e+00
7.305138440035934266e-01 -1.597107475845743307e+00
7.398891924324448865e-01 -1.600585058759391721e+00
7.493752307817306280e-01 -1.603748256116425130e+00
7.589614199847343201e-01 -1.606593553578533173e+00
7.685722271356267843e-01 -1.609352633527871390e+00
7.779924390397799927e-01 -1.612702644890589898e+00
7.871685561968668754e-01 -1.616672763575075722e+00
7.960598109664496214e-01 -1.621245351143604685e+00
8.046267012943050245e-01 -1.626400092510539519e+00
8.128311662120979442e-01 -1.632114086198162672e+00
8.206367549345959800e-01 -1.638361946083331633e+00
8.280087888031680832e-01 -1.645115914182909478e+00
8.349145153560805221e-01 -1.652345983976894361e+00
8.413232538410875261e-01 -1.660020033721343546e+00
8.472065315238344052e-01 -1.668103969158813538e+00
8.525382101864822371e-01 -1.676561874992278600e+00
8.572946022545447908e-01 -1.685356174449561095e+00
8.614545760360117210e-01 -1.694447796229364700e+00
8.649996496052000383e-01 -1.703796348087194712e+00
8.679140729142276189e-01 -1.713360296289965889e+00
8.701848977673038998e-01 -1.723097150142013811e+00
8.718020353469557726e-01 -1.732963650762698427e+00
8.727583010366121163e-01 -1.742915963276897129e+00
8.730494463404077088e-01 -1.752909871564527711e+00
8.726741777583951754e-01 -1.762900974703863533e+00
8.716341625333045018e-01 -1.772844884235887264e+00
8.699340212433193109e-01 -1.782697421373273583e+00
8.675813072737786902e-01 -1.792414813277844576e+00
8.645864732590075041e-01 -1.801953887534472276e+00
8.609628246433671528e-01 -1.811272263957426132e+00
8.567264605678457379e-01 -1.820328542877000189e+00
8.518962023448178877e-01 -1.829082489069910222e+00
8.464935098387432744e-01 -1.837495210516285171e+00
8.405423861243124239e-01 -1.845529331189080136e+00
8.340692708456184379e-01 -1.853149157108235467e+00
8.271029227501449643e-01 -1.860320834921842525e+00
8.196742919194419663e-01 -1.867012502309767452e+00
8.118163822641472072e-01 -1.873194429541522599e+00
8.035641048942584463e-01 -1.878839151559471565e+00
7.949541230161031313e-01 -1.883921590000547708e+00
7.860246890450962587e-01 -1.888419164614372203e+00
7.768154746579627457e-01 -1.892311893582757421e+00
7.673673945394682283e-01 -1.895582482294901006e+00
7.577224246067146840e-01 -1.898216400183859065e+00
7.479234155185948696e-01 -1.900201945282927518e+00
7.380139022989447017e-01 -1.901530296215125038e+00
7.280379109192008924e-01 -1.902195551384792349e+00
7.180397626998765714e-01 -1.902194755197194720e+00
7.080638773998608748e-01 -1.901527911189632825e+00
6.981545758683759262e-01 -1.900197982015729092e+00
6.883558831363704167e-01 -1.898210876282951709e+00
6.787113328221742181e-01 -1.895575422301864377e+00
6.692637737203991355e-01 -1.892303328863718770e+00
6.600551794333745503e-01 -1.888409133220653180e+00
6.511264618908862989e-01 -1.883910136499610033e+00
6.425172895867119482e-01 -1.878826326836913418e+00
6.342659113394922832e-01 -1.873180290575003681e+00
6.262726998641563458e-01 -1.867171317476932213e+00
6.182863447636836041e-01 -1.861153167245412021e+00
6.102999896632108623e-01 -1.855135017013891607e+00
6.023136345627381205e-01 -1.849116866782371194e+00
5.943272794622653787e-01 -1.843098716550850780e+00
5.863409243617926370e-01 -1.837080566319330588e+00
5.783545692613197842e-01 -1.831062416087810174e+00
5.703682141608470424e-01 -1.825044265856289760e+00
5.623818590603743006e-01 -1.819026115624769346e+00
5.543955039599015588e-01 -1.813007965393249155e+00
5.464091488594288171e-01 -1.806989815161728741e+00
5.384227937589560753e-01 -1.800971664930208327e+00
5.304364386584833335e-01 -1.794953514698687913e+00
5.224500835580105917e-01 -1.788935364467167721e+00
5.144637284575377389e-01 -1.782917214235647307e+00
5.064773733570649972e-01 -1.776899064004126894e+00
4.984910182565922554e-01 -1.770880913772606480e+00
4.905046631561195136e-01 -1.764862763541086288e+00
4.825183080556467718e-01 -1.758844613309565874e+00
4.745319529551740301e-01 -1.752826463078045460e+00
4.665455978547012883e-01 -1.746808312846525268e+00
4.585592427542284910e-01 -1.740790162615004855e+00
4.505728876537557492e-01 -1.734772012383484441e+00
4.425865325532829520e-01 -1.728753862151964027e+00
4.346001774528102102e-01 -1.722735711920443613e+00
4.266138223523374684e-01 -1.716717561688923421e+00
4.186274672518647266e-01 -1.710699411457403007e+00
4.106411121513919849e-01 -1.704681261225882594e+00
4.026547570509192431e-01 -1.698663110994362402e+00
3.946684019504464458e-01 -1.692644960762841988e+00
3.866820468499737040e-01 -1.686626810531321574e+00
3.786956917495009622e-01 -1.680608660299801160e+00
3.707093366490281650e-01 -1.674590510068280746e+00
3.627229815485554232e-01 -1.668572359836760555e+00
3.547366264480826814e-01 -1.662554209605240141e+00
3.467502713476099396e-01 -1.656536059373719727e+00
3.387639162471371423e-01 -1.650517909142199535e+00
3.307775611466644006e-01 -1.644499758910679121e+00
3.227912060461916588e-01 -1.638481608679158708e+00
3.148048509457189170e-01 -1.632463458447638294e+00
3.068184958452461197e-01 -1.626445308216118102e+00
2.988321407447733780e-01 -1.620427157984597688e+00
2.908457856443006362e-01 -1.614409007753077274e+00
2.828594305438278944e-01 -1.608390857521556860e+00
2.748730754433550971e-01 -1.602372707290036669e+00
2.668867203428823554e-01 -1.596354557058516255e+00
2.589003652424096136e-01 -1.590336406826995841e+00
2.509140101419368163e-01 -1.584318256595475649e+00
2.429276550414640745e-01 -1.578300106363955235e+00
2.349412999409913327e-01 -1.572281956132434821e+00
2.269549448405185910e-01 -1.566263805900914408e+00
2.189685897400457937e-01 -1.560245655669393994e+00
2.109822346395730519e-01 -1.554227505437873802e+00
2.029958795391003101e-01 -1.548209355206353388e+00
1.950095244386275684e-01 -1.542191204974832974e+00
1.870231693381547711e-01 -1.536173054743312782e+00
1.790368142376820293e-01 -1.530154904511792369e+00
1.710504591372092875e-01 -1.524136754280271955e+00
1.630641040367365457e-01 -1.518118604048751541e+00
1.550777489362637485e-01 -1.512100453817231127e+00
1.470913938357910067e-01 -1.506082303585710935e+00
1.391050387353182649e-01 -1.500064153354190521e+00
1.311186836348454676e-01 -1.494046003122670108e+00
1.231323285343727258e-01 -1.488027852891149916e+00
1.151459734338999841e-01 -1.482009702659629502e+00
1.071596183334272423e-01 -1.475991552428109088e+00
9.917326323295450052e-02 -1.469973402196588674e+00
9.118690813248175875e-02 -1.463955251965068260e+00
8.320055303200901697e-02 -1.457937101733548069e+00
7.521419793153616418e-02 -1.451918951502027655e+00
6.722784283106342240e-02 -1.445900801270507241e+00
5.924148773059068063e-02 -1.439882651038987049e+00
5.125513263011793885e-02 -1.433864500807466635e+00
4.326877752964519708e-02 -1.427846350575946222e+00
3.528242242917245530e-02 -1.421828200344426030e+00
2.729606732869971353e-02 -1.415810050112905616e+00
1.930971222822697175e-02 -1.409791899881385202e+00
1.132335712775411896e-02 -1.403773749649864788e+00
3.337002027281377181e-03 -1.397755599418344374e+00
-4.649353073191364594e-03 -1.391737449186824183e+00
-1.263570817366410637e-02 -1.385719298955303769e+00
-2.062206327413684814e-02 -1.379701148723783355e+00
-2.860841837460958992e-02 -1.373682998492263163e+00
-3.659477347508233169e-02 -1.367664848260742527e+00
-4.458112857555507347e-02 -1.361646698029222335e+00
-5.256748367602792626e-02 -1.355628547797701922e+00
-6.055383877650066804e-02 -1.349610397566181508e+00
-6.854019387697340981e-02 -1.343592247334661316e+00
-7.652654897744615159e-02 -1.337574097103140902e+00
-8.451290407791889336e-02 -1.331555946871620488e+00
-9.249925917839163514e-02 -1.325537796640100296e+00
-1.004856142788643769e-01 -1.319519646408579883e+00
-1.084719693793371187e-01 -1.313501496177059469e+00
-1.164583244798099715e-01 -1.307483345945539277e+00
-1.244446795802827133e-01 -1.301465195714018641e+00
-1.324310346807554550e-01 -1.295447045482498449e+00
-1.404173897812281968e-01 -1.289428895250978035e+00
-1.484037448817009386e-01 -1.283410745019457622e+00
-1.563900999821736804e-01 -1.277392594787937430e+00
-1.643764550826464221e-01 -1.271374444556417016e+00
-1.723628101831191639e-01 -1.265356294324896602e+00
-1.803491652835920167e-01 -1.259338144093376410e+00
-1.883355203840647585e-01 -1.253319993861855774e+00
-1.963218754845375003e-01 -1.247301843630335583e+00
-2.043082305850102420e-01 -1.241283693398815169e+00
-2.122945856854829838e-01 -1.235265543167294755e+00
-2.202809407859557256e-01 -1.229247392935774563e+00
-2.282672958864284674e-01 -1.223229242704254149e+00
-2.362536509869012091e-01 -1.217211092472733736e+00
-2.442400060873740619e-01 -1.211192942241213544e+00
-2.522263611878468037e-01 -1.205174792009692908e+00
-2.602127162883195455e-01 -1.199156641778172716e+00
-2.681990713887922873e-01 -1.193138491546652302e+00
-2.761854264892650290e-01 -1.187120341315131888e+00
-2.841717815897377708e-01 -1.181102191083611697e+00
-2.921581366902105126e-01 -1.175084040852091283e+00
-3.001444917906832544e-01 -1.169065890620570869e+00
-3.081308468911561071e-01 -1.163047740389050677e+00
-3.161172019916288489e-01 -1.157029590157530041e+00
-3.241035570921015907e-01 -1.151011439926009849e+00
-3.320899121925743325e-01 -1.144993289694489436e+00
-3.400762672930470742e-01 -1.138975139462969022e+00
-3.480626223935198160e-01 -1.132956989231448830e+00
-3.560489774939925578e-01 -1.126938838999928416e+00
-3.640353325944654106e-01 -1.120920688768408002e+00
-3.720216876949380413e-01 -1.114902538536887810e+00
-3.800080427954108941e-01 -1.108884388305367397e+00
-3.879943978958835249e-01 -1.102866238073846983e+00
-3.959807529963563777e-01 -1.096848087842326791e+00
-4.039671080968292305e-01 -1.090829937610806155e+00
-4.119534631973018612e-01 -1.084811787379285963e+00
-4.199398182977747140e-01 -1.078793637147765549e+00
-4.279261733982473448e-01 -1.072775486916245136e+00
-4.359125284987201976e-01 -1.066757336684724944e+00
-4.438988835991928283e-01 -1.060739186453204530e+00
-4.518852386996656811e-01 -1.054721036221684116e+00
-4.598715938001385339e-01 -1.048702885990163924e+00
-4.678579489006111647e-01 -1.042684735758643289e+00
-4.758443040010840175e-01 -1.036666585527123097e+00
-4.838306591015566482e-01 -1.030648435295602683e+00
-4.918170142020295010e-01 -1.024630285064082269e+00
-4.998033693025021318e-01 -1.018612134832562077e+00
-5.077897244029749846e-01 -1.012593984601041663e+00
-5.157760795034476153e-01 -1.006575834369521250e+00
-5.237624346039204681e-01 -1.000557684138001058e+00
-5.317487897043933209e-01 -9.945395339064805329e-01
-5.397351448048659517e-01 -9.885213836749602301e-01
-5.477214999053388045e-01 -9.825032334434398162e-01
-5.557078550058114352e-01 -9.764850832119195134e-01
-5.636942101062842880e-01 -9.704669329803990996e-01
-5.716805652067569188e-01 -9.644487827488787968e-01
-5.796669203072297716e-01 -9.584306325173583829e-01
-5.876532754077026244e-01 -9.524124822858380801e-01
-5.956396305081752551e-01 -9.463943320543176663e-01
-6.036259856086481079e-01 -9.403761818227973635e-01
-6.116123407091207387e-01 -9.343580315912770606e-01
-6.195986958095935915e-01 -9.283398813597566468e-01
-6.275850509100662222e-01 -9.223217311282363440e-01
-6.355714060105390750e-01 -9.163035808967159301e-01
-6.435577611110117058e-01 -9.102854306651956273e-01
-6.515441162114845586e-01 -9.042672804336752135e-01
-6.595304713119574114e-01 -8.982491302021549107e-01
-6.675168264124300421e-01 -8.922309799706344968e-01
-6.755031815129028949e-01 -8.862128297391141940e-01
-6.834895366133755257e-01 -8.801946795075937802e-01
-6.914758917138483785e-01 -8.741765292760734773e-01
-6.994622468143210092e-01 -8.681583790445530635e-01
-7.074486019147938620e-01 -8.621402288130326497e-01
-7.154349570152667148e-01 -8.561220785815124579e-01
-7.234213121157393456e-01 -8.501039283499920440e-01
-7.314076672162121984e-01 -8.440857781184716302e-01
-7.393940223166848291e-01 -8.380676278869512164e-01
-7.473803774171576819e-01 -8.320494776554310246e-01
-7.553667325176303127e-01 -8.260313274239106107e-01
-7.633530876181031655e-01 -8.200131771923901969e-01
-7.713394427185757962e-01 -8.139950269608697830e-01
-7.793257978190486490e-01 -8.079768767293495912e-01
-7.873121529195215018e-01 -8.019587264978291774e-01
-7.952985080199941326e-01 -7.959405762663087636e-01
-8.032848631204669854e-01 -7.899224260347883497e-01
-8.112712182209396161e-01 -7.839042758032681579e-01
-8.192575733214124689e-01 -7.778861255717477441e-01
-8.272439284218850997e-01 -7.718679753402273302e-01
-8.352302835223579525e-01 -7.658498251087069164e-01
-8.432166386228308053e-01 -7.598316748771867246e-01
-8.512029937233034360e-01 -7.538135246456663108e-01
-8.591915397831816348e-01 -7.477982918821616254e-01
-8.673056298249660623e-01 -7.419542963416533299e-01
-8.756099762356331917e-01 -7.363839667485947427e-01
-8.840953528179408272e-01 -7.310934917850313575e-01
-8.927523322486349278e-01 -7.260887492122106712e-01
-9.015712965522845179e-01 -7.213752993403418357e-01
-9.105424477869301647e-01 -7.169583788510437428e-01
-9.196558189296795138e-01 -7.128428949793504943e-01
-9.289012849501512292e-01 -7.090334200617314231e-01
-9.382685740594668422e-01 -7.055341864561881504e-01
-9.477472791222929516e-01 -7.023490818400700553e-01
-9.572387261698258598e-01 -6.992020908533979062e-01
-9.666204492347147958e-01 -6.957417421112337408e-01
-9.758816371147339686e-01 -6.919706494135331454e-01
-9.850120005538897106e-01 -6.878930024753354688e-01
-9.940013956432193210e-01 -6.835133315959653899e-01
-1.002839835090757470e+00 -6.788365026258332824e-01
-1.011517499317499791e+00 -6.738677115604352341e-01
-1.020024747367036522e+00 -6.686124787675592485e-01
-1.028352127616733558e+00 -6.630766428541109425e-01
-1.036490388278563435e+00 -6.572663541793739572e-01
-1.044430487677918462e+00 -6.511880680219094275e-01
-1.052163604298985256e+00 -6.448485374076882159e-01
-1.059681146585520928e+00 -6.382548056074243137e-01
-1.066974762486144090e+00 -6.314141983114421874e-01
-1.074036348733531154e+00 -6.243343154907750048e-01
-1.080858059847214614e+00 -6.170230229535345057e-01
-1.087432316849975544e+00 -6.094884436059321287e-01
-1.093751815688149609e+00 -6.017389484276650657e-01
-1.099809535346490952e+00 -5.937831471716878973e-01
-1.105598745648578518e+00 -5.856298787987058718e-01
-1.111187432346752768e+00 -5.773374576003328373e-01
-1.116986112174373158e+00 -5.691909213216183039e-01
-1.123053071736298758e+00 -5.612421640126029621e-01
-1.129381570590499040e+00 -5.535000168081091187e-01
-1.135964577722636593e+00 -5.459730812974320502e-01
-1.142794779357581225e+00 -5.386697199679028047e-01
-1.149864587085074996e+00 -5.315980469140960674e-01
-1.157166146290518061e+00 -5.247659188230050509e-01
-1.164691344881509938e+00 -5.181809262451961828e-01
-1.172431822300451953e+00 -5.118503851616460487e-01
-1.180369552817029932e+00 -5.057687308821878780e-01
-1.188355907917502563e+00 -4.997505806506675197e-01
-1.196342263017975416e+00 -4.937324304191471613e-01
-1.204328618118448269e+00 -4.877142801876268030e-01
-1.212314973218920899e+00 -4.816961299561064447e-01
-1.220301328319393752e+00 -4.756779797245860864e-01
-1.228287683419866383e+00 -4.696598294930657280e-01
-1.236274038520339236e+00 -4.636416792615453697e-01
-1.244260393620811866e+00 -4.576235290300250114e-01
-1.252246748721284719e+00 -4.516053787985046530e-01
-1.260233103821757350e+00 -4.455872285669842947e-01
-1.268219458922230203e+00 -4.395690783354639364e-01
-1.276205814022703056e+00 -4.335509281039435781e-01
-1.284192169123175686e+00 -4.275327778724232197e-01
-1.292178524223648539e+00 -4.215146276409028614e-01
-1.300164879324121170e+00 -4.154964774093825031e-01
-1.308151234424594023e+00 -4.094783271778621447e-01
-1.316137589525066653e+00 -4.034601769463418419e-01
-1.324123944625539506e+00 -3.974420267148214281e-01
-1.332110299726012137e+00 -3.914238764833011253e-01
-1.340096654826484990e+00 -3.854057262517807114e-01
-1.348083009926957843e+00 -3.793875760202604086e-01
-1.356069365027430473e+00 -3.733694257887399948e-01
-1.364055720127903326e+00 -3.673512755572196919e-01
-1.372042075228375957e+00 -3.613331253256992781e-01
-1.380028430328848810e+00 -3.553149750941789753e-01
-1.388014785429321662e+00 -3.492968248626585615e-01
-1.396001140529794293e+00 -3.432786746311382586e-01
-1.403987495630267146e+00 -3.372605243996178448e-01
-1.411973850730739777e+00 -3.312423741680975420e-01
-1.419960205831212630e+00 -3.252242239365771836e-01
-1.427946560931685260e+00 -3.192060737050568253e-01
-1.435932916032158113e+00 -3.131879234735364670e-01
-1.443919271132630744e+00 -3.071697732420161087e-01
-1.451905626233103597e+00 -3.011516230104957503e-01
-1.459891981333576449e+00 -2.951334727789753920e-01
-1.467878336434049080e+00 -2.891153225474550337e-01
-1.475864691534521933e+00 -2.830971723159346753e-01
-1.483851046634994564e+00 -2.770790220844143170e-01
-1.491837401735467417e+00 -2.710608718528939587e-01
-1.499823756835940047e+00 -2.650427216213736004e-01
-1.507810111936412900e+00 -2.590245713898532420e-01
-1.515796467036885531e+00 -2.530064211583328837e-01
-1.523782822137358384e+00 -2.469882709268125254e-01
-1.531769177237831236e+00 -2.409701206952921670e-01
-1.539755532338303867e+00 -2.349519704637718087e-01
-1.547741887438776720e+00 -2.289338202322514504e-01
-1.555728242539249351e+00 -2.229156700007310921e-01
-1.563714597639722204e+00 -2.168975197692107337e-01
-1.571700952740195056e+00 -2.108793695376903754e-01
-1.579687307840667687e+00 -2.048612193061700171e-01
-1.587673662941140318e+00 -1.988430690746496587e-01
-1.595660018041613171e+00 -1.928249188431293004e-01
-1.603646373142086023e+00 -1.868067686116089976e-01
-1.611632728242558654e+00 -1.807886183800886393e-01
-1.619619083343031507e+00 -1.747704681485682809e-01
-1.627605438443504138e+00 -1.687523179170479226e-01
-1.635591793543976991e+00 -1.627341676855275643e-01
-1.643578148644449843e+00 -1.567160174540072060e-01
-1.651564503744922474e+00 -1.506978672224868476e-01
-1.659550858845395327e+00 -1.446797169909664893e-01
-1.667537213945867958e+00 -1.386615667594461310e-01
-1.675523569046340810e+00 -1.326434165279257726e-01
-1.683509924146813663e+00 -1.266252662964054143e-01
-1.691496279247286294e+00 -1.206071160648850560e-01
-1.699482634347758925e+00 -1.145889658333646977e-01
-1.707468989448231778e+00 -1.085708156018443393e-01
-1.715455344548704630e+00 -1.025526653703239810e-01
-1.723441699649177261e+00 -9.653451513880362267e-02
-1.731428054749649892e+00 -9.051636490728326434e-02
-1.739414409850122745e+00 -8.449821467576290601e-02
-1.747400764950595597e+00 -7.848006444424254768e-02
-1.755387120051068450e+00 -7.246191421272218935e-02
-1.763373475151541081e+00 -6.644376398120183103e-02
-1.771359830252013712e+00 -6.042561374968147270e-02
-1.779346185352486565e+00 -5.440746351816111437e-02
-1.787332540452959417e+00 -4.838931328664075604e-02
-1.795318895553432048e+00 -4.237116305512039771e-02
-1.803305250653904901e+00 -3.635301282360003938e-02
-1.811291605754377532e+00 -3.033486259207968105e-02
-1.819277960854850384e+00 -2.431671236055932273e-02
-1.827264315955323237e+00 -1.829856212903896440e-02
-1.835250671055795868e+00 -1.228041189751860607e-02
-1.843237026156268499e+00 -6.262261665998303251e-03
-1.851223381256741352e+00 -2.441114344778894107e-04
-1.859209736357214204e+00 5.774038797042413407e-03
-1.867196091457687057e+00 1.179218902856282725e-02
-1.875182446558159688e+00 1.781033926008313006e-02
-1.883168801658632319e+00 2.382848949160354390e-02
-1.891155156759105171e+00 2.984663972312384672e-02
-1.899122402977089896e+00 3.588979128765591026e-02
-1.906772057296062695e+00 4.232762922051133692e-02
-1.913975847330052549e+00 4.926076542252543627e-02
-1.920701768090798067e+00 5.665839736590185666e-02
-1.926919937666975002e+00 6.448765886181585805e-02
-1.932602729983509127e+00 7.271376607827191585e-02
-1.937724897538665836e+00 8.130017207766382370e-02
-1.942263683573613120e+00 9.020872918745768965e-02
-1.946198923176119644e+00 9.939985848261809198e-02
-1.949513132869197474e+00 1.088327256268007276e-01
-1.952191588286669610e+00 1.184654222910845878e-01
-1.954222389590563269e+00 1.282551523442370389e-01
-1.955596514339692948e+00 1.381584219873054908e-01
-1.956307857574550280e+00 1.481312329878065326e-01
-1.956353258940408679e+00 1.581292781550114601e-01
-1.955732516728143855e+00 1.681081381878710979e-01
-1.954448388770385403e+00 1.780234790210243612e-01
-1.952506580189024676e+00 1.878312487921213192e-01
-1.949915718048502500e+00 1.974878735553759479e-01
-1.946687313027504862e+00 2.069504508718309210e-01
-1.942835708279331719e+00 2.161769404162536268e-01
-1.938378015708157154e+00 2.251263507538338038e-01
-1.933334039944285987e+00 2.337589214568730478e-01
-1.927726190356168656e+00 2.420362997523567428e-01
-1.921579381490091665e+00 2.499217109156006700e-01
-1.914920922379866441e+00 2.573801216529461033e-01
-1.907780395218290792e+00 2.643783957476276703e-01
-1.900189523929425306e+00 2.708854412773106790e-01
-1.892182033225587645e+00 2.768723487492404378e-01
-1.883793498775249153e+00 2.823125195392957032e-01
-1.875061189147502194e+00 2.871817840643190456e-01
-1.866023900235316058e+00 2.914585091627063251e-01
-1.856721782893198336e+00 2.951236942061877255e-01
-1.847196164555031661e+00 2.981610555157913622e-01
-1.837489365624612514e+00 3.005570987069499655e-01
-1.827644511454616483e+00 3.023011786423340785e-01
-1.817705340749346199e+00 3.033855467260519467e-01
-1.807716011242473275e+00 3.038053853291020623e-01
-1.797716027538954764e+00 3.038110238107895045e-01
-1.787716027538954977e+00 3.038110238107895045e-01
-1.777716027538955190e+00 3.038110238107895045e-01
-1.767716027538955403e+00 3.038110238107895045e-01
-1.757716027538955617e+00 3.038110238107895045e-01
-1.747716027538955830e+00 3.038110238107895600e-01
-1.737716027538956043e+00 3.038110238107895600e-01
-1.727716027538956256e+00 3.038110238107895600e-01
-1.717716027538956469e+00 3.038110238107895600e-01
-1.707716027538956682e+00 3.038110238107895600e-01
-1.697716027538956896e+00 3.038110238107895600e-01
-1.687716027538957109e+00 3.038110238107895600e-01
-1.677716027538957322e+00 3.038110238107895600e-01
-1.667716027538957535e+00 3.038110238107895600e-01
-1.657716027538957748e+00 3.038110238107895600e-01
-1.647716027538957961e+00 3.038110238107895600e-01
-1.637716027538958175e+00 3.038110238107895600e-01
-1.627716027538958388e+00 3.038110238107896155e-01
-1.617716027538958601e+00 3.038110238107896155e-01
-1.607716027538958814e+00 3.038110238107896155e-01
-1.597716027538959027e+00 3.038110238107896155e-01
-1.587716027538959240e+00 3.038110238107896155e-01
-1.577716027538959453e+00 3.038110238107896155e-01
-1.567716027538959667e+00 3.038110238107896155e-01
-1.557716027538959880e+00 3.038110238107896155e-01
-1.547720903513129631e+00 3.035588291931279326e-01
-1.537764423811907477e+00 3.026469737173841379e-01
-1.527890806772868260e+00 3.010738700920997934e-01
-1.518143918887947308e+00 2.988465072998553462e-01
-1.508567063616972570e+00 2.959747810649409616e-01
-1.499202788999112856e+00 2.924714498886462621e-01
-1.490092698620509193e+00 2.883520783658086728e-01
-1.481277266777921264e+00 2.836349680344535940e-01
-1.472795658659577622e+00 2.783410760657465399e-01
-1.464685556342133488e+00 2.724939221555027213e-01
-1.456982991376792436e+00 2.661194840309155651e-01
-1.449722184708381212e+00 2.592460820367463725e-01
-1.442935394638585223e+00 2.519042533137366702e-01
-1.436652773508809711e+00 2.441266161282419911e-01
-1.430902233739400176e+00 2.359477249558438738e-01
-1.425709323820380625e+00 2.274039169627742885e-01
-1.421097114804657391e+00 2.185331505672043484e-01
-1.417086097807978229e+00 2.093748367976372426e-01
-1.413694092971031546e+00 1.999696641976462519e-01
-1.410936170288150215e+00 1.903594180548702774e-01
-1.408824582654362834e+00 1.805867947573964738e-01
-1.407368711428247821e+00 1.706952121023072588e-01
-1.406575024752446668e+00 1.607286163991522576e-01
-1.406383810302255677e+00 1.507312872253453728e-01
-1.405845506926021393e+00 1.407476407009222164e-01
-1.404643315811601179e+00 1.308220321566615496e-01
-1.402782578051992468e+00 1.209985590722856136e-01
-1.400271560530304438e+00 1.113208651602388133e-01
-1.397121419191661662e+00 1.018319464654630635e-01
-1.393346149479585794e+00 9.257396034262975471e-02
-1.388962524157059786e+00 8.358803815950342775e-02
-1.383990018788520127e+00 7.491410255855880662e-02
-1.378450725213844930e+00 6.659069008872081641e-02
-1.372369253398760591e+00 5.865477999523895786e-02
-1.365772622097719546e+00 5.114162992834848237e-02
-1.358690138815015880e+00 4.408461930063128920e-02
-1.351153269597446416e+00 3.751510098900857904e-02
-1.343195499237002544e+00 3.146226204022308653e-02
-1.334852182504683071e+00 2.595299399866894327e-02
-1.326160387076366964e+00 2.101177343267586831e-02
-1.317158728848594862e+00 1.666055319004560581e-02
-1.307887200375918768e+00 1.291866486597062318e-02
-1.298386993192036210e+00 9.802732916650128830e-03
-1.288700314804101854e+00 7.326600800179254407e-03
-1.278870201173274879e+00 5.501269472852858035e-03
-1.268940325514609668e+00 4.334848514132481033e-03
-1.258954804265758787e+00 3.832520097417910828e-03
-1.248954925577438146e+00 3.811023810789740656e-03
-1.238954925577438360e+00 3.811023810789745860e-03
-1.228954925577438573e+00 3.811023810789750631e-03
-1.218954925577438786e+00 3.811023810789755401e-03
-1.208954925577438999e+00 3.811023810789760605e-03
-1.198954925577439212e+00 3.811023810789765376e-03
-1.188954925577439425e+00 3.811023810789770146e-03
-1.178954925577439639e+00 3.811023810789774917e-03
-1.168954925577439852e+00 3.811023810789780121e-03
-1.158954925577440065e+00 3.811023810789784892e-03
-1.148954925577440278e+00 3.811023810789789662e-03
-1.138954925577440491e+00 3.811023810789794866e-03
-1.128954925577440704e+00 3.811023810789799637e-03
-1.118954925577440918e+00 3.811023810789804407e-03
-1.108954925577441131e+00 3.811023810789809611e-03
-1.098954925577441344e+00 3.811023810789814382e-03
-1.088954925577441557e+00 3.811023810789819152e-03
-1.078954925577441770e+00 3.811023810789823923e-03
-1.068954925577441983e+00 3.811023810789829127e-03
-1.058954925577442197e+00 3.811023810789833897e-03
-1.048954925577442410e+00 3.811023810789838668e-03
-1.038954925577442623e+00 3.811023810789843872e-03
-1.028954925577442836e+00 3.811023810789848643e-03
-1.018954925577443049e+00 3.811023810789853413e-03
-1.008954925577443262e+00 3.811023810789858617e-03
