0.000000000000000000e+00 0.000000000000000000e+00
1.000000000000000021e-02 0.000000000000000000e+00
2.000000000000000042e-02 0.000000000000000000e+00
2.999999999999999889e-02 0.000000000000000000e+00
4.000000000000000083e-02 0.000000000000000000e+00
5.000000000000000278e-02 0.000000000000000000e+00
6.000000000000000472e-02 0.000000000000000000e+00
7.000000000000000666e-02 0.000000000000000000e+00
8.000000000000000167e-02 0.000000000000000000e+00
8.999999999999999667e-02 0.000000000000000000e+00
9.999999999999999167e-02 0.000000000000000000e+00
1.099999999999999867e-01 0.000000000000000000e+00
1.199999999999999817e-01 0.000000000000000000e+00
1.299999999999999767e-01 0.000000000000000000e+00
1.399999999999999856e-01 0.000000000000000000e+00
1.499999999999999944e-01 0.000000000000000000e+00
1.600000000000000033e-01 0.000000000000000000e+00
1.700000000000000122e-01 0.000000000000000000e+00
1.800000000000000211e-01 0.000000000000000000e+00
1.900000000000000300e-01 0.000000000000000000e+00
2.000000000000000389e-01 0.000000000000000000e+00
2.100000000000000477e-01 0.000000000000000000e+00
2.200000000000000566e-01 0.000000000000000000e+00
2.300000000000000655e-01 0.000000000000000000e+00
2.400000000000000744e-01 0.000000000000000000e+00
2.500000000000000555e-01 0.000000000000000000e+00
2.600000000000000644e-01 0.000000000000000000e+00
2.700000000000000733e-01 0.000000000000000000e+00
2.800000000000000822e-01 0.000000000000000000e+00
2.900000000000000910e-01 0.000000000000000000e+00
3.000000000000000999e-01 0.000000000000000000e+00
3.100000000000001088e-01 0.000000000000000000e+00
3.200000000000001177e-01 0.000000000000000000e+00
3.300000000000001266e-01 0.000000000000000000e+00
3.400000000000001354e-01 0.000000000000000000e+00
3.500000000000001443e-01 0.000000000000000000e+00
3.600000000000001532e-01 0.000000000000000000e+00
3.700000000000001621e-01 0.000000000000000000e+00
3.800000000000001710e-01 0.000000000000000000e+00
3.900000000000001799e-01 0.000000000000000000e+00
4.000000000000001887e-01 0.000000000000000000e+00
4.100000000000001976e-01 0.000000000000000000e+00
4.200000000000002065e-01 0.000000000000000000e+00
4.299833416646830497e-01 -4.995834721974512288e-04
4.398669330795063614e-01 -1.993342215875881784e-03
4.495520206661342000e-01 -4.466351087439468341e-03
4.589418342308652643e-01 -7.893900599711589985e-03
4.679425538604204959e-01 -1.224174381096285701e-02
4.764642473395037658e-01 -1.746643850903232403e-02
4.844217687237692971e-01 -2.351578127155133993e-02
4.917356090899523968e-01 -3.032932906528362782e-02
4.983326909627484591e-01 -3.783900317293374671e-02
5.041470984807897571e-01 -4.596976941318625665e-02
5.091207360061436038e-01 -5.464038785744250448e-02
5.132039085967227132e-01 -6.376422455233290987e-02
5.163558185417194135e-01 -7.325011713754155107e-02
5.185449729988460543e-01 -8.300328570997619893e-02
5.197494986604054290e-01 -9.292627983323001328e-02
5.200000000000000178e-01 -1.029203673205107000e-01
5.200000000000000178e-01 -1.129203673205107089e-01
5.200000000000000178e-01 -1.229203673205107178e-01
5.200000000000000178e-01 -1.329203673205107128e-01
5.200000000000000178e-01 -1.429203673205107217e-01
5.200000000000000178e-01 -1.529203673205107306e-01
5.200000000000000178e-01 -1.629203673205107394e-01
5.200000000000000178e-01 -1.729203673205107483e-01
5.200000000000000178e-01 -1.829203673205107572e-01
5.200000000000000178e-01 -1.929203673205107661e-01
5.200000000000000178e-01 -2.029203673205107750e-01
5.200000000000000178e-01 -2.129203673205107838e-01
5.200000000000000178e-01 -2.229203673205107927e-01
5.200000000000000178e-01 -2.329203673205108016e-01
5.200000000000000178e-01 -2.429203673205108105e-01
5.200000000000000178e-01 -2.529203673205108194e-01
5.200000000000000178e-01 -2.629203673205108283e-01
5.200000000000000178e-01 -2.729203673205108371e-01
5.200000000000000178e-01 -2.829203673205108460e-01
5.200000000000000178e-01 -2.929203673205108549e-01
5.200000000000000178e-01 -3.029203673205108638e-01
5.200000000000000178e-01 -3.129203673205108727e-01
5.200000000000000178e-01 -3.229203673205108815e-01
5.200000000000000178e-01 -3.329203673205108904e-01
5.200000000000000178e-01 -3.429203673205108993e-01
5.200000000000000178e-01 -3.529203673205109082e-01
5.200000000000000178e-01 -3.629203673205109171e-01
5.200000000000000178e-01 -3.729203673205109260e-01
5.200000000000000178e-01 -3.829203673205109348e-01
5.200000000000000178e-01 -3.929203673205109437e-01
5.200000000000000178e-01 -4.029203673205109526e-01
5.200000000000000178e-01 -4.129203673205109615e-01
5.200000000000000178e-01 -4.229203673205109704e-01
5.200000000000000178e-01 -4.329203673205109792e-01
5.200000000000000178e-01 -4.429203673205109881e-01
5.200000000000000178e-01 -4.529203673205109970e-01
5.200000000000000178e-01 -4.629203673205110059e-01
5.200000000000000178e-01 -4.729203673205110148e-01
5.200000000000000178e-01 -4.829203673205110237e-01
5.200000000000000178e-01 -4.929203673205110325e-01
5.200000000000000178e-01 -5.029203673205110414e-01
5.200000000000000178e-01 -5.129203673205110503e-01
5.200000000000000178e-01 -5.229203673205110592e-01
5.200000000000000178e-01 -5.329203673205110681e-01
5.200000000000000178e-01 -5.429203673205110769e-01
5.200000000000000178e-01 -5.529203673205110858e-01
5.199573603041505176e-01 -5.629199522301296943e-01
5.191664810452467638e-01 -5.728844494295532996e-01
5.173847630878193327e-01 -5.827202094693095802e-01
5.146300087687412095e-01 -5.923289566863512157e-01
5.109297426825678556e-01 -6.016146836547150434e-01
5.063209366648869780e-01 -6.104846104599865875e-01
5.008496403819585607e-01 -6.188501117255352790e-01
4.945705212176714771e-01 -6.266276021279830744e-01
4.875463180551144471e-01 -6.337393715541251860e-01
4.798472144103949621e-01 -6.401143615546939225e-01
4.715501371821456678e-01 -6.456888753368952294e-01
4.627379880233821741e-01 -6.504072142017065516e-01
4.534988150155896403e-01 -6.542222340668661928e-01
4.439249329213973416e-01 -6.570958165149592967e-01
4.341120008059857760e-01 -6.589992496600447502e-01
4.241580662433281357e-01 -6.599135150273280903e-01
4.141625856572410669e-01 -6.598294775794752987e-01
4.042254305856742280e-01 -6.587479769908863858e-01
3.944458897973159295e-01 -6.566798192579459403e-01
3.849216772310370960e-01 -6.536456687290793655e-01
3.757479556705138890e-01 -6.496758416334142971e-01
3.670163859091498670e-01 -6.448100031710403135e-01
3.588142109057272933e-01 -6.390967711914411487e-01
3.512233840816019192e-01 -6.325932304200133638e-01
3.443197504692064870e-01 -6.253643620863604813e-01
3.381722888935583815e-01 -6.174823946533261054e-01
3.328424227586407325e-01 -6.090260821340690578e-01
3.283834063250540836e-01 -6.000799172079965826e-01
3.248397926110481171e-01 -5.907332869978410006e-01
3.222469882334900726e-01 -5.810795799430770181e-01
3.206308996366534769e-01 -5.712152526935044827e-01
3.200076742435898902e-01 -5.612388663462880567e-01
3.200000000000000067e-01 -5.512388980384679282e-01
3.200000000000000067e-01 -5.412388980384679193e-01
3.200000000000000067e-01 -5.312388980384679105e-01
3.200000000000000067e-01 -5.212388980384679016e-01
3.200000000000000067e-01 -5.112388980384678927e-01
3.200000000000000067e-01 -5.012388980384678838e-01
3.200000000000000067e-01 -4.912388980384678749e-01
3.200000000000000067e-01 -4.812388980384678661e-01
3.200000000000000067e-01 -4.712388980384678572e-01
3.200000000000000067e-01 -4.612388980384678483e-01
3.200000000000000067e-01 -4.512388980384678394e-01
3.200000000000000067e-01 -4.412388980384678305e-01
3.200000000000000067e-01 -4.312388980384678216e-01
3.200000000000000067e-01 -4.212388980384678128e-01
3.200000000000000067e-01 -4.112388980384678039e-01
3.199999999999999512e-01 -4.012388980384677950e-01
3.199999999999999512e-01 -3.912388980384677861e-01
3.199999999999999512e-01 -3.812388980384677772e-01
3.199999999999999512e-01 -3.712388980384677684e-01
3.199999999999999512e-01 -3.612388980384677595e-01
3.197442163692128525e-01 -3.512438784858617491e-01
3.188282655426668555e-01 -3.412877747031138886e-01
3.172511007066615707e-01 -3.314148055686759187e-01
3.150197288869187595e-01 -3.216688346959740152e-01
3.121440636190302986e-01 -3.120931614707351809e-01
3.086368809046159400e-01 -3.027303286805370641e-01
3.045137624501214058e-01 -2.936219335057709268e-01
2.997930264404346512e-01 -2.848084427117471007e-01
2.944956461548798865e-01 -2.763290128630065401e-01
2.886451567871615720e-01 -2.682213163585910332e-01
2.822675508832388491e-01 -2.605213740611614925e-01
2.753911628616785845e-01 -2.532633952635595653e-01
2.680465431295406264e-01 -2.464796257038098792e-01
2.602663223530720660e-01 -2.402002043037999579e-01
2.520850664862286372e-01 -2.344530292681205330e-01
2.435391232011036022e-01 -2.292636341379611364e-01
2.346664604025405221e-01 -2.246550743507292336e-01
2.255064975443792363e-01 -2.206478248093852179e-01
2.160999304967614609e-01 -2.172596889165722134e-01
2.064885507425761046e-01 -2.145057194776838483e-01
1.967150597063174189e-01 -2.123981518242814559e-01
1.868228790402566286e-01 -2.109463494549802254e-01
1.768559577107855496e-01 -2.101567624353107566e-01
1.668585767420107113e-01 -2.100328987413768167e-01
1.568751524840814315e-01 -2.105753086746240954e-01
1.469500392802916278e-01 -2.117815824169618222e-01
1.371273324096656254e-01 -2.136463607370990003e-01
1.274506721805145071e-01 -2.161613588005297515e-01
1.179630500453351938e-01 -2.193154029773845548e-01
1.087066175984459371e-01 -2.230944804846172469e-01
9.972249930494198056e-02 -2.274818016419778433e-01
9.105060979297979751e-02 -2.324578744651805418e-01
8.272947652112300210e-02 -2.380005912648640587e-01
7.479606860860349427e-02 -2.440853268666030584e-01
6.728563258897057864e-02 -2.506850480155983218e-01
6.023153581684065339e-02 -2.577704334799836294e-01
5.366511822346142768e-02 -2.653100043191532476e-01
4.761555307970910533e-02 -2.732702637383551125e-01
4.210971738512120366e-02 -2.816158459082039323e-01
3.717207245880133071e-02 -2.903096730879380361e-01
3.282455526270416923e-02 -2.993131203543541452e-01
2.908648094013238650e-02 -3.085861872045621013e-01
2.597445700244455091e-02 -3.180876752701629062e-01
2.350230954522725124e-02 -3.277753713533020363e-01
2.168102182173681225e-02 -3.376062349714057387e-01
2.051868544651724857e-02 -3.475365895773769309e-01
2.002046444598648556e-02 -3.575223166056969437e-01
1.990569902102200597e-02 -3.675214157385515157e-01
1.948843273842586557e-02 -3.775122430282745190e-01
1.873843234099079741e-02 -3.874836140717926591e-01
1.765653108533410745e-02 -3.974244505937697403e-01
1.624393097265946356e-02 -4.073237082429744249e-01
1.450220141332377033e-02 -4.171703888626452916e-01
1.243327748320929675e-02 -4.269535527095337235e-01
1.003945777383849318e-02 -4.366623306080487099e-01
7.323401838619765861e-03 -4.462859360260003627e-01
4.288127238061909680e-03 -4.558136770585260455e-01
9.370061872393704860e-04 -4.652349683068847108e-01
-2.726238190766342578e-03 -4.745393426389219460e-01
-6.697536001287220792e-03 -4.837164628181403470e-01
-1.097247509975499830e-02 -4.927561329884538877e-01
-1.554630599363032023e-02 -5.016483100018683805e-01
-2.041394711912798351e-02 -5.103831145765013177e-01
-2.556999048687611312e-02 -5.189508422725457315e-01
-3.100870769023693699e-02 -5.273419742739822169e-01
-3.672405626961366965e-02 -5.355471879640625321e-01
-4.270968642567293805e-02 -5.435573672828131198e-01
-4.895894807402416393e-02 -5.513636128550528648e-01
-5.546489823351785642e-02 -5.589572518776723120e-01
-6.222030873995522404e-02 -5.663298477551893528e-01
-6.921767427663771954e-02 -5.734732094728760554e-01
-7.644922071283598297e-02 -5.803794006970439678e-01
-8.390691374091290011e-02 -5.870407485923755386e-01
-9.158246780250572927e-02 -5.934498523465077113e-01
-9.946735529384946595e-02 -5.995995913923954923e-01
-1.075528160400150007e-01 -6.054831333193202436e-01
-1.158298670275355463e-01 -6.110939414637545086e-01
-1.242893123846085107e-01 -6.164257821716490060e-01
-1.329217535977849918e-01 -6.214727317240735793e-01
-1.417175999537952091e-01 -6.262291829185174796e-01
-1.506670791949104027e-01 -6.306898512985377181e-01
-1.597602483760014180e-01 -6.348497810248339146e-01
-1.689870049112323636e-01 -6.387043503812261935e-01
-1.783370977981171002e-01 -6.422492769094200193e-01
-1.878001390064672760e-01 -6.454806221668526467e-01
-1.973656150195790826e-01 -6.483947961023355244e-01
-2.070228985148373779e-01 -6.509885610446299875e-01
-2.167612601707584463e-01 -6.532590352995275573e-01
-2.265698805873541111e-01 -6.552036963514353829e-01
-2.364378623065749030e-01 -6.568203836659118888e-01
-2.463542419194752198e-01 -6.581073010900384546e-01
-2.563080022466510122e-01 -6.590630188479601470e-01
-2.662880845784168504e-01 -6.596864751293781692e-01
-2.762834009611236930e-01 -6.599769772692302139e-01
-2.862833058845836720e-01 -6.600000000000001421e-01
-2.962833058845834588e-01 -6.600000000000001421e-01
-3.062833058845832457e-01 -6.600000000000001421e-01
-3.162833058845830325e-01 -6.600000000000001421e-01
-3.262833058845828194e-01 -6.600000000000001421e-01
-3.362833058845826062e-01 -6.600000000000001421e-01
-3.462833058845823930e-01 -6.600000000000001421e-01
-3.562833058845821799e-01 -6.600000000000001421e-01
-3.662833058845819667e-01 -6.600000000000001421e-01
-3.762833058845817535e-01 -6.600000000000001421e-01
-3.862833058845815404e-01 -6.600000000000001421e-01
-3.962833058845813272e-01 -6.600000000000001421e-01
-4.062833058845811141e-01 -6.600000000000001421e-01
-4.162833058845809009e-01 -6.600000000000001421e-01
-4.262833058845806877e-01 -6.600000000000001421e-01
-4.362833058845804746e-01 -6.600000000000001421e-01
-4.462833058845802614e-01 -6.600000000000001421e-01
-4.562833058845800482e-01 -6.600000000000001421e-01
-4.662833058845798351e-01 -6.600000000000001421e-01
-4.762833058845796219e-01 -6.600000000000001421e-01
-4.862833058845794088e-01 -6.600000000000001421e-01
-4.962833058845791956e-01 -6.600000000000001421e-01
-5.062833058845790379e-01 -6.600000000000001421e-01
-5.162833058845788248e-01 -6.600000000000001421e-01
-5.262833058845786116e-01 -6.600000000000001421e-01
-5.362833058845783984e-01 -6.600000000000001421e-01
-5.462833058845781853e-01 -6.600000000000001421e-01
-5.562833058845779721e-01 -6.600000000000001421e-01
-5.662833058845777590e-01 -6.600000000000001421e-01
-5.762833058845775458e-01 -6.600000000000001421e-01
-5.862833058845773326e-01 -6.600000000000001421e-01
-5.962833058845771195e-01 -6.600000000000001421e-01
-6.062833058845769063e-01 -6.600000000000001421e-01
-6.162833058845766931e-01 -6.600000000000001421e-01
-6.262833058845764800e-01 -6.600000000000001421e-01
-6.362833058845762668e-01 -6.600000000000001421e-01
-6.462833058845760537e-01 -6.600000000000001421e-01
-6.562833058845758405e-01 -6.600000000000001421e-01
-6.662833058845756273e-01 -6.600000000000001421e-01
-6.762833058845754142e-01 -6.600000000000001421e-01
-6.862833058845752010e-01 -6.600000000000001421e-01
-6.962833058845749878e-01 -6.600000000000001421e-01
-7.062833058845747747e-01 -6.600000000000001421e-01
-7.162833058845745615e-01 -6.600000000000001421e-01
-7.262833058845743484e-01 -6.600000000000001421e-01
-7.362833058845741352e-01 -6.600000000000002531e-01
-7.462833058845739220e-01 -6.600000000000002531e-01
-7.562833058845737089e-01 -6.600000000000002531e-01
-7.662833058845734957e-01 -6.600000000000002531e-01
-7.762833058845732825e-01 -6.600000000000002531e-01
-7.862833058845730694e-01 -6.600000000000002531e-01
-7.962833058845728562e-01 -6.600000000000002531e-01
-8.062833058845726431e-01 -6.600000000000002531e-01
-8.162833058845724299e-01 -6.600000000000002531e-01
-8.262833058845722167e-01 -6.600000000000002531e-01
-8.362833058845720036e-01 -6.600000000000002531e-01
-8.462833058845717904e-01 -6.600000000000002531e-01
-8.562822723335188346e-01 -6.599013082856828305e-01
-8.662653224532139706e-01 -6.593375009512587592e-01
-8.762077177375923176e-01 -6.582754536774201304e-01
-8.860846073763422037e-01 -6.567178210292481388e-01
-8.958713042891515155e-01 -6.546684962771638361e-01
-9.055433468305513767e-01 -6.521326016657796876e-01
-9.150765599312906673e-01 -6.491164756109557565e-01
-9.244471155234190718e-01 -6.456276568570609165e-01
-9.336315920980471361e-01 -6.416748656340384160e-01
-9.426070332469212998e-01 -6.372679818613719016e-01
-9.513510050414888397e-01 -6.324180204534322058e-01
-9.598416521060356699e-01 -6.271371037879281962e-01
-9.680577522447439964e-01 -6.214384314062754155e-01
-9.759787694861293827e-01 -6.153362470216167113e-01
-9.835849054122742796e-01 -6.088458029169575569e-01
-9.908571486445623133e-01 -6.019833218224017735e-01
-9.977773223622239396e-01 -5.947659563667745397e-01
-1.004328129734921804e+00 -5.872117462049837311e-01
-1.010493197155818645e+00 -5.793395729282770912e-01
-1.016257115167067182e+00 -5.711691128700979725e-01
-1.021605476975429916e+00 -5.627207879254984002e-01
-1.026524914461758753e+00 -5.540157145070373490e-01
-1.031003131594331546e+00 -5.450756507647462890e-01
-1.035028935162527253e+00 -5.359229422020858058e-01
-1.038592262754023388e+00 -5.265804658238240066e-01
-1.041684207905586135e+00 -5.170715729554390405e-01
-1.044297042364590755e+00 -5.074200308769660772e-01
-1.046424235405627456e+00 -4.976499634171753783e-01
-1.048060470153914236e+00 -4.877857906565636337e-01
-1.049201656874715338e+00 -4.778521678898705605e-01
-1.049844943195546998e+00 -4.678739240006820621e-01
-1.049999999999999822e+00 -4.578759594744145067e-01
-1.049999999999999822e+00 -4.478759594744147199e-01
-1.049999999999999822e+00 -4.378759594744149330e-01
-1.049999999999999822e+00 -4.278759594744151462e-01
-1.049999999999999822e+00 -4.178759594744153594e-01
-1.049999999999999822e+00 -4.078759594744155725e-01
-1.049999999999999822e+00 -3.978759594744157857e-01
-1.049999999999999822e+00 -3.878759594744159989e-01
-1.049999999999999822e+00 -3.778759594744162120e-01
-1.049999999999999822e+00 -3.678759594744164252e-01
-1.049999999999999822e+00 -3.578759594744166384e-01
-1.049999999999999822e+00 -3.478759594744168515e-01
-1.049999999999999822e+00 -3.378759594744170647e-01
-1.049999999999999822e+00 -3.278759594744172778e-01
-1.049999999999999822e+00 -3.178759594744174910e-01
-1.049999999999999822e+00 -3.078759594744177042e-01
-1.049992480784486482e+00 -2.978759772201348688e-01
-1.049755046077496701e+00 -2.878792594666128579e-01
-1.049184581046052944e+00 -2.778960079556288543e-01
-1.048281719481502616e+00 -2.679373141618161536e-01
-1.047047464470478140e+00 -2.580142422759822973e-01
-1.045483187280459969e+00 -2.481378169127016198e-01
-1.043590625836287034e+00 -2.383190108618777614e-01
-1.041371882789307479e+00 -2.285687328978838473e-01
-1.038829423181316436e+00 -2.188978156598242186e-01
-1.035966071705873404e+00 -2.093170036163832237e-01
-1.032785009570045487e+00 -1.998369411286320951e-01
-1.029289770960059025e+00 -1.904681606240559710e-01
-1.025484239114790475e+00 -1.812210708949405225e-01
-1.021372642011455945e+00 -1.721059455341177324e-01
-1.016959547668292663e+00 -1.631329115209198266e-01
-1.012249859069455082e+00 -1.543119379700217120e-01
-1.007248808717756905e+00 -1.456528250556727577e-01
-1.001961952821319057e+00 -1.371651931236221866e-01
-9.963951651205755766e-01 -1.288584720028358721e-01
-9.905546303625006876e-01 -1.207418905288787231e-01
-9.844468374293029456e-01 -1.128244662906024570e-01
-9.780785721292243329e-01 -1.051149956115298573e-01
-9.714569096574512397e-01 -9.762204377706719394e-02
-9.645892067355142929e-01 -9.035393551840158188e-02
-9.574830934379101599e-01 -8.331874576365579099e-02
-9.501464647150262843e-01 -7.652429066657702450e-02
-9.425874716217853555e-01 -6.997811892272544354e-02
-9.348145122617567138e-01 -6.368750338281134460e-02
-9.268362224567939789e-01 -5.765943297249818272e-02
-9.186614661525658310e-01 -5.190060492764856509e-02
-9.102993255706391951e-01 -4.641741735363993926e-02
-9.017590911180568547e-01 -4.121596211701708534e-02
-8.930502510656181947e-01 -3.630201807737806763e-02
-8.841824810063321216e-01 -3.168104466701363031e-02
-8.751656331057542371e-01 -2.735817582543295309e-02
-8.660097251561491571e-01 -2.333821429551465737e-02
-8.567249294466409149e-01 -1.962562628761995581e-02
-8.473215614617163327e-01 -1.622453651759605056e-02
-8.378100684206365445e-01 -1.313872362418285270e-02
-8.282010176704901472e-01 -1.037161597091436523e-02
-8.185050849457842226e-01 -7.926287837178481663e-03
-8.087330425076145746e-01 -5.805456002667197697e-03
-7.988957471755955275e-01 -4.011476729012207303e-03
-7.890041282658440958e-01 -2.546343141958625367e-03
-7.790691754484191378e-01 -1.411683016985970738e-03
-7.691019265377074809e-01 -6.087569708360701833e-04
-7.591134552293223869e-01 -1.384570609578882115e-04
-7.491148575128966369e-01 -2.222298528119341806e-16
-7.391148575128968501e-01 -2.197805592136395289e-16
-7.291148575128970633e-01 -2.173312656153448772e-16
-7.191148575128972764e-01 -2.148819720170502009e-16
-7.091148575128974896e-01 -2.124326784187555492e-16
-6.991148575128977027e-01 -2.099833848204608975e-16
-6.891148575128979159e-01 -2.075340912221662458e-16
-6.791148575128981291e-01 -2.050847976238715941e-16
-6.691148575128983422e-01 -2.026355040255769425e-16
-6.591148575128985554e-01 -2.001862104272822908e-16
-6.491148575128987686e-01 -1.977369168289876391e-16
-6.391148575128989817e-01 -1.952876232306929874e-16
-6.291148575128991949e-01 -1.928383296323983111e-16
-6.191148575128994080e-01 -1.903890360341036594e-16
-6.091148575128996212e-01 -1.879397424358090077e-16
-5.991148575128998344e-01 -1.854904488375143560e-16
-5.891148575129000475e-01 -1.830411552392197043e-16
-5.791148575129002607e-01 -1.805918616409250526e-16
-5.691148575129004739e-01 -1.781425680426304009e-16
-5.591148575129006870e-01 -1.756932744443357492e-16
-5.491148575129009002e-01 -1.732439808460410976e-16
-5.391148575129011133e-01 -1.707946872477464459e-16
-5.291148575129013265e-01 -1.683453936494517942e-16
-5.191148575129015397e-01 -1.658961000511571425e-16
-5.091148575129017528e-01 -1.634468064528624908e-16
